06030001
00000104
0000008C
00000D10
00000001
0201D040
0000002C
00000800
00000000
00000000
00000000
80000000
00000000
00000000
02000000
00000081
00000018
0201D044
00000001
00000000
00000000
00000000
0201D21C
00000002
00000001
0001D000
0000002C
00000400
00000000
00000000
00000000
80000000
00000000
00000000
02000000
00000081
00000018
0001D004
00000002
00000000
00000000
00000003
0001D200
00000F00
00000F00
00000000
0001D204
80000000
00000001
0001D020
0000002C
00010000
00000000
00000000
01000000
820007FF
0000000F
00000000
02000000
00000081
00000018
0001D024
00000000
00000000
00000000
00000000
0001D214
00000001
00000080
00000010
00000001
00010100
00000001
0001D020
0000002C
00010000
00000000
00000000
01000000
820007FF
0000000F
00000000
02000000
00000081
00000018
0001D024
00000000
00040000
00000000
00000000
0001D214
00000001
00000080
00000010
00000001
00010100
00000001
0001D020
0000002C
00010000
00000000
00000000
01000000
820007FF
0000000F
00000000
02000000
00000081
00000018
0001D024
00000000
00080000
00000000
00000000
0001D214
00000001
00000080
00000010
00000001
00010100
00000001
0001D020
0000002C
00010000
00000000
00000000
01000000
820007FF
0000000F
00000000
02000000
00000081
00000018
0001D024
00000000
000C0000
00000000
00000000
0001D214
00000001
00000080
00000010
00000001
00010100
00000001
0001D020
0000002C
00010000
00000000
00000000
01000000
820007FF
0000000F
00000000
02000000
00000081
00000018
0001D024
00000000
00100000
00000000
00000000
0001D214
00000001
00000080
00000010
00000001
00010100
00000001
0001D020
0000002C
00010000
00000000
00000000
01000000
820007FF
0000000F
00000000
02000000
00000081
00000018
0001D024
00000000
00140000
00000000
00000000
0001D214
00000001
00000080
00000010
00000001
00010100
00000001
0001D020
0000002C
00010000
00000000
00000000
01000000
820007FF
0000000F
00000000
02000000
00000081
00000018
0001D024
00000000
00180000
00000000
00000000
0001D214
00000001
00000080
00000010
00000001
00010100
00000001
0001D020
0000002C
00010000
00000000
00000000
01000000
820007FF
0000000F
00000000
02000000
00000081
00000018
0001D024
00000000
001C0000
00000000
00000000
0001D214
00000001
00000080
00000010
00000001
00010100
00000001
0001D020
0000002C
00010000
00000000
00000000
01000000
820007FF
0000000F
00000000
02000000
00000081
00000018
0001D024
00000000
00200000
00000000
00000000
0001D214
00000001
00000080
00000010
00000001
00010100
00000001
0001D020
0000002C
00010000
00000000
00000000
01000000
820007FF
0000000F
00000000
02000000
00000081
00000018
0001D024
00000000
00240000
00000000
00000000
0001D214
00000001
00000080
00000010
00000001
00010100
00000001
0001D020
0000002C
00010000
00000000
00000000
01000000
820007FF
0000000F
00000000
02000000
00000081
00000018
0001D024
00000000
00280000
00000000
00000000
0001D214
00000001
00000080
00000010
00000001
00010100
00000001
0001D020
0000002C
00010000
00000000
00000000
01000000
820007FF
0000000F
00000000
02000000
00000081
00000018
0001D024
00000000
002C0000
00000000
00000000
0001D214
00000001
00000080
00000010
00000001
00010100
00000001
0001D020
0000002C
00010000
00000000
00000000
01000000
820007FF
0000000F
00000000
02000000
00000081
00000018
0001D024
00000000
00300000
00000000
00000000
0001D214
00000001
00000080
00000010
00000001
00010100
00000001
0001D020
0000002C
00010000
00000000
00000000
01000000
820007FF
0000000F
00000000
02000000
00000081
00000018
0001D024
00000000
00340000
00000000
00000000
0001D214
00000001
00000080
00000010
00000001
00010100
00000001
0001D020
0000002C
00010000
00000000
00000000
01000000
820007FF
0000000F
00000000
02000000
00000081
00000018
0001D024
00000000
00380000
00000000
00000000
0001D214
00000001
00000080
00000010
00000001
00010100
00000001
0001D020
0000002C
00010000
00000000
00000000
01000000
820007FF
0000000F
00000000
02000000
00000081
00000018
0001D024
00000000
003C0000
00000000
00000000
0001D214
00000001
00000080
00000010
00000001
00010100
00000001
0001D020
0000002C
00010000
00000000
00000000
01000000
820007FF
0000000F
00000000
02000000
00000081
00000018
0001D024
00000000
00400000
00000000
00000000
0001D214
00000001
00000080
00000010
00000001
00010100
00000001
0001D020
0000002C
00010000
00000000
00000000
01000000
820007FF
0000000F
00000000
02000000
00000081
00000018
0001D024
00000000
00440000
00000000
00000000
0001D214
00000001
00000080
00000010
00000001
00010100
00000001
0001D020
0000002C
00010000
00000000
00000000
01000000
820007FF
0000000F
00000000
02000000
00000081
00000018
0001D024
00000000
00480000
00000000
00000000
0001D214
00000001
00000080
00000010
00000001
00010100
00000001
0001D020
0000002C
00010000
00000000
00000000
01000000
820007FF
0000000F
00000000
02000000
00000081
00000018
0001D024
00000000
004C0000
00000000
00000000
0001D214
00000001
00000080
00000010
00000001
00010100
00000001
0001D020
0000002C
00010000
00000000
00000000
01000000
820007FF
0000000F
00000000
02000000
00000081
00000018
0001D024
00000000
00500000
00000000
00000000
0001D214
00000001
00000080
00000010
00000001
00010100
00000001
0001D020
0000002C
00010000
00000000
00000000
01000000
820007FF
0000000F
00000000
02000000
00000081
00000018
0001D024
00000000
00540000
00000000
00000000
0001D214
00000001
00000080
00000010
00000001
00010100
00000001
0001D020
0000002C
00010000
00000000
00000000
01000000
820007FF
0000000F
00000000
02000000
00000081
00000018
0001D024
00000000
00580000
00000000
00000000
0001D214
00000001
00000080
00000010
00000001
00010100
00000001
0001D020
0000002C
00010000
00000000
00000000
01000000
820007FF
0000000F
00000000
02000000
00000081
00000018
0001D024
00000000
005C0000
00000000
00000000
0001D214
00000001
00000080
00000010
00000001
00010100
00000001
0001D020
0000002C
00010000
00000000
00000000
01000000
820007FF
0000000F
00000000
02000000
00000081
00000018
0001D024
00000000
00600000
00000000
00000000
0001D214
00000001
00000080
00000010
00000001
00010100
00000001
0001D020
0000002C
00010000
00000000
00000000
01000000
820007FF
0000000F
00000000
02000000
00000081
00000018
0001D024
00000000
00640000
00000000
00000000
0001D214
00000001
00000080
00000010
00000001
00010100
00000001
0001D020
0000002C
00010000
00000000
00000000
01000000
820007FF
0000000F
00000000
02000000
00000081
00000018
0001D024
00000000
00680000
00000000
00000000
0001D214
00000001
00000080
00000010
00000001
00010100
00000001
0001D020
0000002C
00010000
00000000
00000000
01000000
820007FF
0000000F
00000000
02000000
00000081
00000018
0001D024
00000000
006C0000
00000000
00000000
0001D214
00000001
00000080
00000010
00000001
00010100
00000001
0001D020
0000002C
00010000
00000000
00000000
01000000
820007FF
0000000F
00000000
02000000
00000081
00000018
0001D024
00000000
00700000
00000000
00000000
0001D214
00000001
00000080
00000010
00000001
00010100
00000001
0001D020
0000002C
00010000
00000000
00000000
01000000
820007FF
0000000F
00000000
02000000
00000081
00000018
0001D024
00000000
00740000
00000000
00000000
0001D214
00000001
00000080
00000010
00000001
00010100
00000001
0001D020
0000002C
00010000
00000000
00000000
01000000
820007FF
0000000F
00000000
02000000
00000081
00000018
0001D024
00000000
00780000
00000000
00000000
0001D214
00000001
00000080
00000010
00000001
00010100
00000001
0001D020
0000002C
00010000
00000000
00000000
01000000
820007FF
0000000F
00000000
02000000
00000081
00000018
0001D024
00000000
007C0000
00000000
00000000
0001D214
00000001
00000080
00000010
00000001
00010100
00000080
00000010
00010001
01010100
00000080
00000010
00000000
00010100
00000080
00000010
00010000
00010100
00000080
00000010
00020000
00010100
00000080
00000010
00030000
00010100
