06030001
00000104
00000160
00002210
00000001
0001D000
0000002C
00008000
00000000
00000000
02000000
90001BFF
0000007F
00000000
02000000
00000081
00000018
0001D004
00000002
00000000
00000000
00000003
0001D200
00000F00
00000F00
00000000
0001D204
80000000
00000001
0001D020
0000002C
00020000
00000000
00000000
02000000
840007FF
0000001F
00000000
02000000
00000081
00000018
0001D024
00000000
00000000
00000000
00000000
0001D214
00030001
00000001
0001D040
0000002C
00020000
00000000
00000000
02000000
84001BFF
0006FFFF
0030007F
02000000
00000081
00000018
0001D044
00000001
00000000
00000000
00000000
0001D21C
00030002
00000001
0201D000
0000002C
00008000
00000000
00000000
02000000
90001BFF
0000007F
00000000
02000000
00000081
00000018
0201D004
00000002
00000080
00000000
00000003
0201D200
00000F00
00000F00
00000000
0201D204
80000000
00000001
0201D020
0000002C
00020000
00000000
00000000
02000000
840007FF
0000001F
00000000
02000000
00000081
00000018
0201D024
00000000
00080000
00000000
00000000
0201D214
00030001
00000001
0201D040
0000002C
00020000
00000000
00000000
02000000
84001BFF
0006FFFF
0030007F
02000000
00000081
00000018
0201D044
00000001
00000080
00000000
00000000
0201D21C
00030002
00000001
0401D000
0000002C
00008000
00000000
00000000
02000000
90001BFF
0000007F
00000000
02000000
00000081
00000018
0401D004
00000002
00000100
00000000
00000003
0401D200
00000F00
00000F00
00000000
0401D204
80000000
00000001
0401D020
0000002C
00020000
00000000
00000000
02000000
840007FF
0000001F
00000000
02000000
00000081
00000018
0401D024
00000000
00100000
00000000
00000000
0401D214
00030001
00000001
0401D040
0000002C
00020000
00000000
00000000
02000000
84001BFF
0006FFFF
0030007F
02000000
00000081
00000018
0401D044
00000001
00000100
00000000
00000000
0401D21C
00030002
00000001
0601D000
0000002C
00008000
00000000
00000000
02000000
90001BFF
0000007F
00000000
02000000
00000081
00000018
0601D004
00000002
00000180
00000000
00000003
0601D200
00000F00
00000F00
00000000
0601D204
80000000
00000001
0601D020
0000002C
00020000
00000000
00000000
02000000
840007FF
0000001F
00000000
02000000
00000081
00000018
0601D024
00000000
00180000
00000000
00000000
0601D214
00030001
00000001
0601D040
0000002C
00020000
00000000
00000000
02000000
84001BFF
0006FFFF
0030007F
02000000
00000081
00000018
0601D044
00000001
00000180
00000000
00000000
0601D21C
00030002
00000001
0001D060
0000002C
00008000
00000000
00000000
02000000
90001BFF
0000007F
00000000
02000000
00000081
00000018
0001D064
00000002
00700000
00000000
00000003
0001D200
00000F00
00000F00
00000000
0001D204
80000003
00000001
0001D080
0000002C
00020000
00000000
00000000
02000000
840007FF
0000001F
00000000
02000000
00000081
00000018
0001D084
00000000
00200000
00000000
00000000
0001D214
00030004
00000001
0001D0A0
0000002C
00020000
00000000
00000000
02000000
84001BFF
0006FFFF
0030007F
02000000
00000081
00000018
0001D0A4
00000001
00000000
00000000
00000000
0001D21C
00030005
00000001
0201D060
0000002C
00008000
00000000
00000000
02000000
90001BFF
0000007F
00000000
02000000
00000081
00000018
0201D064
00000002
00700080
00000000
00000003
0201D200
00000F00
00000F00
00000000
0201D204
80000003
00000001
0201D080
0000002C
00020000
00000000
00000000
02000000
840007FF
0000001F
00000000
02000000
00000081
00000018
0201D084
00000000
00280000
00000000
00000000
0201D214
00030004
00000001
0201D0A0
0000002C
00020000
00000000
00000000
02000000
84001BFF
0006FFFF
0030007F
02000000
00000081
00000018
0201D0A4
00000001
00000080
00000000
00000000
0201D21C
00030005
00000001
0401D060
0000002C
00008000
00000000
00000000
02000000
90001BFF
0000007F
00000000
02000000
00000081
00000018
0401D064
00000002
00700100
00000000
00000003
0401D200
00000F00
00000F00
00000000
0401D204
80000003
00000001
0401D080
0000002C
00020000
00000000
00000000
02000000
840007FF
0000001F
00000000
02000000
00000081
00000018
0401D084
00000000
00300000
00000000
00000000
0401D214
00030004
00000001
0401D0A0
0000002C
00020000
00000000
00000000
02000000
84001BFF
0006FFFF
0030007F
02000000
00000081
00000018
0401D0A4
00000001
00000100
00000000
00000000
0401D21C
00030005
00000001
0601D060
0000002C
00008000
00000000
00000000
02000000
90001BFF
0000007F
00000000
02000000
00000081
00000018
0601D064
00000002
00700180
00000000
00000003
0601D200
00000F00
00000F00
00000000
0601D204
80000003
00000001
0601D080
0000002C
00020000
00000000
00000000
02000000
840007FF
0000001F
00000000
02000000
00000081
00000018
0601D084
00000000
00380000
00000000
00000000
0601D214
00030004
00000001
0601D0A0
0000002C
00020000
00000000
00000000
02000000
84001BFF
0006FFFF
0030007F
02000000
00000081
00000018
0601D0A4
00000001
00000180
00000000
00000000
0601D21C
00030005
00000080
00000010
00000000
00010100
00000080
00000010
00010000
00010100
00000080
00000010
00020000
00010100
00000080
00000010
00030000
00010100
00000001
0001D100
0000002C
00008000
00000000
00000000
02000000
90001BFF
0000007F
00000000
02000000
00000081
00000018
0001D104
00000002
00E00000
00000000
00000003
0001D200
00000F00
00000F00
00000000
0001D204
80000008
00000001
0001D120
0000002C
00020000
00000000
00000000
02000000
840007FF
0000001F
00000000
02000000
00000081
00000018
0001D124
00000000
00400000
00000000
00000000
0001D214
00030009
00000001
0001D140
0000002C
00020000
00000000
00000000
02000000
84001BFF
0006FFFF
0030007F
02000000
00000081
00000018
0001D144
00000001
00000000
00000000
00000000
0001D21C
0003000A
00000001
0201D100
0000002C
00008000
00000000
00000000
02000000
90001BFF
0000007F
00000000
02000000
00000081
00000018
0201D104
00000002
00E00080
00000000
00000003
0201D200
00000F00
00000F00
00000000
0201D204
80000008
00000001
0201D120
0000002C
00020000
00000000
00000000
02000000
840007FF
0000001F
00000000
02000000
00000081
00000018
0201D124
00000000
00480000
00000000
00000000
0201D214
00030009
00000001
0201D140
0000002C
00020000
00000000
00000000
02000000
84001BFF
0006FFFF
0030007F
02000000
00000081
00000018
0201D144
00000001
00000080
00000000
00000000
0201D21C
0003000A
00000001
0401D100
0000002C
00008000
00000000
00000000
02000000
90001BFF
0000007F
00000000
02000000
00000081
00000018
0401D104
00000002
00E00100
00000000
00000003
0401D200
00000F00
00000F00
00000000
0401D204
80000008
00000001
0401D120
0000002C
00020000
00000000
00000000
02000000
840007FF
0000001F
00000000
02000000
00000081
00000018
0401D124
00000000
00500000
00000000
00000000
0401D214
00030009
00000001
0401D140
0000002C
00020000
00000000
00000000
02000000
84001BFF
0006FFFF
0030007F
02000000
00000081
00000018
0401D144
00000001
00000100
00000000
00000000
0401D21C
0003000A
00000001
0601D100
0000002C
00008000
00000000
00000000
02000000
90001BFF
0000007F
00000000
02000000
00000081
00000018
0601D104
00000002
00E00180
00000000
00000003
0601D200
00000F00
00000F00
00000000
0601D204
80000008
00000001
0601D120
0000002C
00020000
00000000
00000000
02000000
840007FF
0000001F
00000000
02000000
00000081
00000018
0601D124
00000000
00580000
00000000
00000000
0601D214
00030009
00000001
0601D140
0000002C
00020000
00000000
00000000
02000000
84001BFF
0006FFFF
0030007F
02000000
00000081
00000018
0601D144
00000001
00000180
00000000
00000000
0601D21C
0003000A
00000080
00000010
00000000
00010100
00000080
00000010
00010000
00010100
00000080
00000010
00020000
00010100
00000080
00000010
00030000
00010100
00000001
0001D160
0000002C
00008000
00000000
00000000
02000000
90001BFF
0000007F
00000000
02000000
00000081
00000018
0001D164
00000002
01500000
00000000
00000003
0001D200
00000F00
00000F00
00000000
0001D204
8000000B
00000001
0001D180
0000002C
00020000
00000000
00000000
02000000
840007FF
0000001F
00000000
02000000
00000081
00000018
0001D184
00000000
00600000
00000000
00000000
0001D214
0003000C
00000001
0001D1A0
0000002C
00020000
00000000
00000000
02000000
84001BFF
0006FFFF
0030007F
02000000
00000081
00000018
0001D1A4
00000001
00000000
00000000
00000000
0001D21C
0003000D
00000001
0201D160
0000002C
00008000
00000000
00000000
02000000
90001BFF
0000007F
00000000
02000000
00000081
00000018
0201D164
00000002
01500080
00000000
00000003
0201D200
00000F00
00000F00
00000000
0201D204
8000000B
00000001
0201D180
0000002C
00020000
00000000
00000000
02000000
840007FF
0000001F
00000000
02000000
00000081
00000018
0201D184
00000000
00680000
00000000
00000000
0201D214
0003000C
00000001
0201D1A0
0000002C
00020000
00000000
00000000
02000000
84001BFF
0006FFFF
0030007F
02000000
00000081
00000018
0201D1A4
00000001
00000080
00000000
00000000
0201D21C
0003000D
00000001
0401D160
0000002C
00008000
00000000
00000000
02000000
90001BFF
0000007F
00000000
02000000
00000081
00000018
0401D164
00000002
01500100
00000000
00000003
0401D200
00000F00
00000F00
00000000
0401D204
8000000B
00000001
0401D180
0000002C
00020000
00000000
00000000
02000000
840007FF
0000001F
00000000
02000000
00000081
00000018
0401D184
00000000
00700000
00000000
00000000
0401D214
0003000C
00000001
0401D1A0
0000002C
00020000
00000000
00000000
02000000
84001BFF
0006FFFF
0030007F
02000000
00000081
00000018
0401D1A4
00000001
00000100
00000000
00000000
0401D21C
0003000D
00000001
0601D160
0000002C
00008000
00000000
00000000
02000000
90001BFF
0000007F
00000000
02000000
00000081
00000018
0601D164
00000002
01500180
00000000
00000003
0601D200
00000F00
00000F00
00000000
0601D204
8000000B
00000001
0601D180
0000002C
00020000
00000000
00000000
02000000
840007FF
0000001F
00000000
02000000
00000081
00000018
0601D184
00000000
00780000
00000000
00000000
0601D214
0003000C
00000001
0601D1A0
0000002C
00020000
00000000
00000000
02000000
84001BFF
0006FFFF
0030007F
02000000
00000081
00000018
0601D1A4
00000001
00000180
00000000
00000000
0601D21C
0003000D
00000080
00000010
00000000
00010100
00000080
00000010
00010000
00010100
00000080
00000010
00020000
00010100
00000080
00000010
00030000
00010100
00000001
0001D000
0000002C
00008000
00000000
00000000
02000000
90001BFF
0000007F
00000000
02000000
00000081
00000018
0001D004
00000002
01C00000
00000000
00000003
0001D200
00000F00
00000F00
00000000
0001D204
80000000
00000001
0001D020
0000002C
00020000
00000000
00000000
02000000
840007FF
0000001F
00000000
02000000
00000081
00000018
0001D024
00000000
00800000
00000000
00000000
0001D214
00030001
00000001
0001D040
0000002C
00020000
00000000
00000000
02000000
84001BFF
0006FFFF
0030007F
02000000
00000081
00000018
0001D044
00000001
00000000
00000000
00000000
0001D21C
00030002
00000001
0201D000
0000002C
00008000
00000000
00000000
02000000
90001BFF
0000007F
00000000
02000000
00000081
00000018
0201D004
00000002
01C00080
00000000
00000003
0201D200
00000F00
00000F00
00000000
0201D204
80000000
00000001
0201D020
0000002C
00020000
00000000
00000000
02000000
840007FF
0000001F
00000000
02000000
00000081
00000018
0201D024
00000000
00880000
00000000
00000000
0201D214
00030001
00000001
0201D040
0000002C
00020000
00000000
00000000
02000000
84001BFF
0006FFFF
0030007F
02000000
00000081
00000018
0201D044
00000001
00000080
00000000
00000000
0201D21C
00030002
00000001
0401D000
0000002C
00008000
00000000
00000000
02000000
90001BFF
0000007F
00000000
02000000
00000081
00000018
0401D004
00000002
01C00100
00000000
00000003
0401D200
00000F00
00000F00
00000000
0401D204
80000000
00000001
0401D020
0000002C
00020000
00000000
00000000
02000000
840007FF
0000001F
00000000
02000000
00000081
00000018
0401D024
00000000
00900000
00000000
00000000
0401D214
00030001
00000001
0401D040
0000002C
00020000
00000000
00000000
02000000
84001BFF
0006FFFF
0030007F
02000000
00000081
00000018
0401D044
00000001
00000100
00000000
00000000
0401D21C
00030002
00000001
0601D000
0000002C
00008000
00000000
00000000
02000000
90001BFF
0000007F
00000000
02000000
00000081
00000018
0601D004
00000002
01C00180
00000000
00000003
0601D200
00000F00
00000F00
00000000
0601D204
80000000
00000001
0601D020
0000002C
00020000
00000000
00000000
02000000
840007FF
0000001F
00000000
02000000
00000081
00000018
0601D024
00000000
00980000
00000000
00000000
0601D214
00030001
00000001
0601D040
0000002C
00020000
00000000
00000000
02000000
84001BFF
0006FFFF
0030007F
02000000
00000081
00000018
0601D044
00000001
00000180
00000000
00000000
0601D21C
00030002
00000080
00000010
00000000
00010100
00000080
00000010
00010000
00010100
00000080
00000010
00020000
00010100
00000080
00000010
00030000
00010100
00000001
0001D060
0000002C
00008000
00000000
00000000
02000000
90001BFF
0000007F
00000000
02000000
00000081
00000018
0001D064
00000002
02300000
00000000
00000003
0001D200
00000F00
00000F00
00000000
0001D204
80000003
00000001
0001D080
0000002C
00020000
00000000
00000000
02000000
840007FF
0000001F
00000000
02000000
00000081
00000018
0001D084
00000000
00A00000
00000000
00000000
0001D214
00030004
00000001
0001D0A0
0000002C
00020000
00000000
00000000
02000000
84001BFF
0006FFFF
0030007F
02000000
00000081
00000018
0001D0A4
00000001
00000000
00000000
00000000
0001D21C
00030005
00000001
0201D060
0000002C
00008000
00000000
00000000
02000000
90001BFF
0000007F
00000000
02000000
00000081
00000018
0201D064
00000002
02300080
00000000
00000003
0201D200
00000F00
00000F00
00000000
0201D204
80000003
00000001
0201D080
0000002C
00020000
00000000
00000000
02000000
840007FF
0000001F
00000000
02000000
00000081
00000018
0201D084
00000000
00A80000
00000000
00000000
0201D214
00030004
00000001
0201D0A0
0000002C
00020000
00000000
00000000
02000000
84001BFF
0006FFFF
0030007F
02000000
00000081
00000018
0201D0A4
00000001
00000080
00000000
00000000
0201D21C
00030005
00000001
0401D060
0000002C
00008000
00000000
00000000
02000000
90001BFF
0000007F
00000000
02000000
00000081
00000018
0401D064
00000002
02300100
00000000
00000003
0401D200
00000F00
00000F00
00000000
0401D204
80000003
00000001
0401D080
0000002C
00020000
00000000
00000000
02000000
840007FF
0000001F
00000000
02000000
00000081
00000018
0401D084
00000000
00B00000
00000000
00000000
0401D214
00030004
00000001
0401D0A0
0000002C
00020000
00000000
00000000
02000000
84001BFF
0006FFFF
0030007F
02000000
00000081
00000018
0401D0A4
00000001
00000100
00000000
00000000
0401D21C
00030005
00000001
0601D060
0000002C
00008000
00000000
00000000
02000000
90001BFF
0000007F
00000000
02000000
00000081
00000018
0601D064
00000002
02300180
00000000
00000003
0601D200
00000F00
00000F00
00000000
0601D204
80000003
00000001
0601D080
0000002C
00020000
00000000
00000000
02000000
840007FF
0000001F
00000000
02000000
00000081
00000018
0601D084
00000000
00B80000
00000000
00000000
0601D214
00030004
00000001
0601D0A0
0000002C
00020000
00000000
00000000
02000000
84001BFF
0006FFFF
0030007F
02000000
00000081
00000018
0601D0A4
00000001
00000180
00000000
00000000
0601D21C
00030005
00000080
00000010
00000000
00010100
00000080
00000010
00010000
00010100
00000080
00000010
00020000
00010100
00000080
00000010
00030000
00010100
00000001
0001D100
0000002C
00008000
00000000
00000000
02000000
90001BFF
0000007F
00000000
02000000
00000081
00000018
0001D104
00000002
02A00000
00000000
00000003
0001D200
00000F00
00000F00
00000000
0001D204
80000008
00000001
0001D120
0000002C
00020000
00000000
00000000
02000000
840007FF
0000001F
00000000
02000000
00000081
00000018
0001D124
00000000
00C00000
00000000
00000000
0001D214
00030009
00000001
0001D140
0000002C
00020000
00000000
00000000
02000000
84001BFF
0006FFFF
0030007F
02000000
00000081
00000018
0001D144
00000001
00000000
00000000
00000000
0001D21C
0003000A
00000001
0201D100
0000002C
00008000
00000000
00000000
02000000
90001BFF
0000007F
00000000
02000000
00000081
00000018
0201D104
00000002
02A00080
00000000
00000003
0201D200
00000F00
00000F00
00000000
0201D204
80000008
00000001
0201D120
0000002C
00020000
00000000
00000000
02000000
840007FF
0000001F
00000000
02000000
00000081
00000018
0201D124
00000000
00C80000
00000000
00000000
0201D214
00030009
00000001
0201D140
0000002C
00020000
00000000
00000000
02000000
84001BFF
0006FFFF
0030007F
02000000
00000081
00000018
0201D144
00000001
00000080
00000000
00000000
0201D21C
0003000A
00000001
0401D100
0000002C
00008000
00000000
00000000
02000000
90001BFF
0000007F
00000000
02000000
00000081
00000018
0401D104
00000002
02A00100
00000000
00000003
0401D200
00000F00
00000F00
00000000
0401D204
80000008
00000001
0401D120
0000002C
00020000
00000000
00000000
02000000
840007FF
0000001F
00000000
02000000
00000081
00000018
0401D124
00000000
00D00000
00000000
00000000
0401D214
00030009
00000001
0401D140
0000002C
00020000
00000000
00000000
02000000
84001BFF
0006FFFF
0030007F
02000000
00000081
00000018
0401D144
00000001
00000100
00000000
00000000
0401D21C
0003000A
00000001
0601D100
0000002C
00008000
00000000
00000000
02000000
90001BFF
0000007F
00000000
02000000
00000081
00000018
0601D104
00000002
02A00180
00000000
00000003
0601D200
00000F00
00000F00
00000000
0601D204
80000008
00000001
0601D120
0000002C
00020000
00000000
00000000
02000000
840007FF
0000001F
00000000
02000000
00000081
00000018
0601D124
00000000
00D80000
00000000
00000000
0601D214
00030009
00000001
0601D140
0000002C
00020000
00000000
00000000
02000000
84001BFF
0006FFFF
0030007F
02000000
00000081
00000018
0601D144
00000001
00000180
00000000
00000000
0601D21C
0003000A
00000080
00000010
00000000
00010100
00000080
00000010
00010000
00010100
00000080
00000010
00020000
00010100
00000080
00000010
00030000
00010100
00000001
0001D160
0000002C
00008000
00000000
00000000
02000000
90001BFF
0000007F
00000000
02000000
00000081
00000018
0001D164
00000002
03100000
00000000
00000003
0001D200
00000F00
00000F00
00000000
0001D204
8000000B
00000001
0001D180
0000002C
00020000
00000000
00000000
02000000
840007FF
0000001F
00000000
02000000
00000081
00000018
0001D184
00000000
00E00000
00000000
00000000
0001D214
0003000C
00000001
0001D1A0
0000002C
00020000
00000000
00000000
02000000
84001BFF
0006FFFF
0030007F
02000000
00000081
00000018
0001D1A4
00000001
00000000
00000000
00000000
0001D21C
0003000D
00000001
0201D160
0000002C
00008000
00000000
00000000
02000000
90001BFF
0000007F
00000000
02000000
00000081
00000018
0201D164
00000002
03100080
00000000
00000003
0201D200
00000F00
00000F00
00000000
0201D204
8000000B
00000001
0201D180
0000002C
00020000
00000000
00000000
02000000
840007FF
0000001F
00000000
02000000
00000081
00000018
0201D184
00000000
00E80000
00000000
00000000
0201D214
0003000C
00000001
0201D1A0
0000002C
00020000
00000000
00000000
02000000
84001BFF
0006FFFF
0030007F
02000000
00000081
00000018
0201D1A4
00000001
00000080
00000000
00000000
0201D21C
0003000D
00000001
0401D160
0000002C
00008000
00000000
00000000
02000000
90001BFF
0000007F
00000000
02000000
00000081
00000018
0401D164
00000002
03100100
00000000
00000003
0401D200
00000F00
00000F00
00000000
0401D204
8000000B
00000001
0401D180
0000002C
00020000
00000000
00000000
02000000
840007FF
0000001F
00000000
02000000
00000081
00000018
0401D184
00000000
00F00000
00000000
00000000
0401D214
0003000C
00000001
0401D1A0
0000002C
00020000
00000000
00000000
02000000
84001BFF
0006FFFF
0030007F
02000000
00000081
00000018
0401D1A4
00000001
00000100
00000000
00000000
0401D21C
0003000D
00000001
0601D160
0000002C
00008000
00000000
00000000
02000000
90001BFF
0000007F
00000000
02000000
00000081
00000018
0601D164
00000002
03100180
00000000
00000003
0601D200
00000F00
00000F00
00000000
0601D204
8000000B
00000001
0601D180
0000002C
00020000
00000000
00000000
02000000
840007FF
0000001F
00000000
02000000
00000081
00000018
0601D184
00000000
00F80000
00000000
00000000
0601D214
0003000C
00000001
0601D1A0
0000002C
00020000
00000000
00000000
02000000
84001BFF
0006FFFF
0030007F
02000000
00000081
00000018
0601D1A4
00000001
00000180
00000000
00000000
0601D21C
0003000D
00000080
00000010
00000000
00010100
00000080
00000010
00010000
00010100
00000080
00000010
00020000
00010100
00000080
00000010
00030000
00010100
00000080
00000010
00000000
00010100
00000080
00000010
00010000
00010100
00000080
00000010
00020000
00010100
00000080
00000010
00030000
00010100
