06030001
00000104
0000000B
00000120
00000001
0001D040
0000002C
00000400
00000000
00000000
00000000
80000000
00000000
00000000
02000000
00000081
00000018
0001D044
00000000
00000000
00000000
00000000
0001D21C
003F0002
00000001
0001D020
0000002C
00008000
00000000
00000000
01000000
820003FF
0000000F
03F07FFF
02000000
00000081
00000018
0001D024
00000001
00000000
00000000
00000000
0001D214
003F0001
00000001
0001D000
0000002C
00000800
00000000
00000000
00000000
80000000
00000000
00000000
02000000
00000081
00000018
0001D004
00000002
00000000
00000000
00000003
0001D200
00000F00
00000F00
00000000
0001D204
80000000
00000080
00000010
00000000
00010100
