06030001
00000101
00000110
00001B10
00000001
0001D000
0000002C
00020000
00000000
00000000
02000000
840007FF
0000001F
0011FFFF
02000000
00000081
00000018
0001D004
00000002
00000000
00000000
00000003
0001D200
00000F00
00000F00
00000000
0001D204
80010000
00000001
0001D020
0000002C
00020000
00000000
00000000
02000000
840007FF
0000001F
00000000
02000000
00000081
00000018
0001D024
00000000
00000000
00000000
00000000
0001D214
003F0001
00000001
0001D040
0000002C
00020000
00000000
00000000
02000000
840007FF
0001FFFF
03F0001F
02000000
00000081
00000018
0001D044
00000001
00000000
00000000
00000000
0001D21C
003F0002
00000001
0001D060
0000002C
00020000
00000000
00000000
02000000
840007FF
0000001F
00000000
02000000
00000081
00000018
0001D064
00000000
00080000
00000000
00000000
0001D214
003F0003
00000001
0001D080
0000002C
00020000
00000000
00000000
02000000
840007FF
0001FFFF
03F0001F
02000000
00000081
00000018
0001D084
00000001
00000000
00000000
00000000
0001D21C
003F0004
00000001
0001D100
0000002C
00020000
00000000
00000000
02000000
840007FF
0000001F
0011FFFF
02000000
00000081
00000018
0001D104
00000002
00100000
00000000
00000003
0001D200
00000F00
00000F00
00000000
0001D204
80010008
00000001
0001D120
0000002C
00020000
00000000
00000000
02000000
840007FF
0000001F
00000000
02000000
00000081
00000018
0001D124
00000000
00100000
00000000
00000000
0001D214
003F0009
00000001
0001D140
0000002C
00020000
00000000
00000000
02000000
840007FF
0001FFFF
03F0001F
02000000
00000081
00000018
0001D144
00000001
00000000
00000000
00000000
0001D21C
003F000A
00000001
0001D160
0000002C
00020000
00000000
00000000
02000000
840007FF
0000001F
00000000
02000000
00000081
00000018
0001D164
00000000
00180000
00000000
00000000
0001D214
003F000B
00000001
0001D180
0000002C
00020000
00000000
00000000
02000000
840007FF
0001FFFF
03F0001F
02000000
00000081
00000018
0001D184
00000001
00000000
00000000
00000000
0001D21C
003F000C
00000080
00000010
00000000
00010100
00000001
0001D000
0000002C
00020000
00000000
00000000
02000000
840007FF
0000001F
0011FFFF
02000000
00000081
00000018
0001D004
00000002
00200000
00000000
00000003
0001D200
00000F00
00000F00
00000000
0001D204
80010000
00000001
0001D020
0000002C
00020000
00000000
00000000
02000000
840007FF
0000001F
00000000
02000000
00000081
00000018
0001D024
00000000
00200000
00000000
00000000
0001D214
003F0001
00000001
0001D040
0000002C
00020000
00000000
00000000
02000000
840007FF
0001FFFF
03F0001F
02000000
00000081
00000018
0001D044
00000001
00000000
00000000
00000000
0001D21C
003F0002
00000001
0001D060
0000002C
00020000
00000000
00000000
02000000
840007FF
0000001F
00000000
02000000
00000081
00000018
0001D064
00000000
00280000
00000000
00000000
0001D214
003F0003
00000001
0001D080
0000002C
00020000
00000000
00000000
02000000
840007FF
0001FFFF
03F0001F
02000000
00000081
00000018
0001D084
00000001
00000000
00000000
00000000
0001D21C
003F0004
00000080
00000010
00000000
00010100
00000001
0001D100
0000002C
00020000
00000000
00000000
02000000
840007FF
0000001F
0011FFFF
02000000
00000081
00000018
0001D104
00000002
00300000
00000000
00000003
0001D200
00000F00
00000F00
00000000
0001D204
80010008
00000001
0001D120
0000002C
00020000
00000000
00000000
02000000
840007FF
0000001F
00000000
02000000
00000081
00000018
0001D124
00000000
00300000
00000000
00000000
0001D214
003F0009
00000001
0001D140
0000002C
00020000
00000000
00000000
02000000
840007FF
0001FFFF
03F0001F
02000000
00000081
00000018
0001D144
00000001
00000000
00000000
00000000
0001D21C
003F000A
00000001
0001D160
0000002C
00020000
00000000
00000000
02000000
840007FF
0000001F
00000000
02000000
00000081
00000018
0001D164
00000000
00380000
00000000
00000000
0001D214
003F000B
00000001
0001D180
0000002C
00020000
00000000
00000000
02000000
840007FF
0001FFFF
03F0001F
02000000
00000081
00000018
0001D184
00000001
00000000
00000000
00000000
0001D21C
003F000C
00000080
00000010
00000000
00010100
00000001
0001D000
0000002C
00020000
00000000
00000000
02000000
840007FF
0000001F
0011FFFF
02000000
00000081
00000018
0001D004
00000002
00400000
00000000
00000003
0001D200
00000F00
00000F00
00000000
0001D204
80010000
00000001
0001D020
0000002C
00020000
00000000
00000000
02000000
840007FF
0000001F
00000000
02000000
00000081
00000018
0001D024
00000000
00400000
00000000
00000000
0001D214
003F0001
00000001
0001D040
0000002C
00020000
00000000
00000000
02000000
840007FF
0001FFFF
03F0001F
02000000
00000081
00000018
0001D044
00000001
00000000
00000000
00000000
0001D21C
003F0002
00000001
0001D060
0000002C
00020000
00000000
00000000
02000000
840007FF
0000001F
00000000
02000000
00000081
00000018
0001D064
00000000
00480000
00000000
00000000
0001D214
003F0003
00000001
0001D080
0000002C
00020000
00000000
00000000
02000000
840007FF
0001FFFF
03F0001F
02000000
00000081
00000018
0001D084
00000001
00000000
00000000
00000000
0001D21C
003F0004
00000080
00000010
00000000
00010100
00000001
0001D100
0000002C
00020000
00000000
00000000
02000000
840007FF
0000001F
0011FFFF
02000000
00000081
00000018
0001D104
00000002
00500000
00000000
00000003
0001D200
00000F00
00000F00
00000000
0001D204
80010008
00000001
0001D120
0000002C
00020000
00000000
00000000
02000000
840007FF
0000001F
00000000
02000000
00000081
00000018
0001D124
00000000
00500000
00000000
00000000
0001D214
003F0009
00000001
0001D140
0000002C
00020000
00000000
00000000
02000000
840007FF
0001FFFF
03F0001F
02000000
00000081
00000018
0001D144
00000001
00000000
00000000
00000000
0001D21C
003F000A
00000001
0001D160
0000002C
00020000
00000000
00000000
02000000
840007FF
0000001F
00000000
02000000
00000081
00000018
0001D164
00000000
00580000
00000000
00000000
0001D214
003F000B
00000001
0001D180
0000002C
00020000
00000000
00000000
02000000
840007FF
0001FFFF
03F0001F
02000000
00000081
00000018
0001D184
00000001
00000000
00000000
00000000
0001D21C
003F000C
00000080
00000010
00000000
00010100
00000001
0001D000
0000002C
00020000
00000000
00000000
02000000
840007FF
0000001F
0011FFFF
02000000
00000081
00000018
0001D004
00000002
00600000
00000000
00000003
0001D200
00000F00
00000F00
00000000
0001D204
80010000
00000001
0001D020
0000002C
00020000
00000000
00000000
02000000
840007FF
0000001F
00000000
02000000
00000081
00000018
0001D024
00000000
00600000
00000000
00000000
0001D214
003F0001
00000001
0001D040
0000002C
00020000
00000000
00000000
02000000
840007FF
0001FFFF
03F0001F
02000000
00000081
00000018
0001D044
00000001
00000000
00000000
00000000
0001D21C
003F0002
00000001
0001D060
0000002C
00020000
00000000
00000000
02000000
840007FF
0000001F
00000000
02000000
00000081
00000018
0001D064
00000000
00680000
00000000
00000000
0001D214
003F0003
00000001
0001D080
0000002C
00020000
00000000
00000000
02000000
840007FF
0001FFFF
03F0001F
02000000
00000081
00000018
0001D084
00000001
00000000
00000000
00000000
0001D21C
003F0004
00000080
00000010
00000000
00010100
00000001
0001D100
0000002C
00020000
00000000
00000000
02000000
840007FF
0000001F
0011FFFF
02000000
00000081
00000018
0001D104
00000002
00700000
00000000
00000003
0001D200
00000F00
00000F00
00000000
0001D204
80010008
00000001
0001D120
0000002C
00020000
00000000
00000000
02000000
840007FF
0000001F
00000000
02000000
00000081
00000018
0001D124
00000000
00700000
00000000
00000000
0001D214
003F0009
00000001
0001D140
0000002C
00020000
00000000
00000000
02000000
840007FF
0001FFFF
03F0001F
02000000
00000081
00000018
0001D144
00000001
00000000
00000000
00000000
0001D21C
003F000A
00000001
0001D160
0000002C
00020000
00000000
00000000
02000000
840007FF
0000001F
00000000
02000000
00000081
00000018
0001D164
00000000
00780000
00000000
00000000
0001D214
003F000B
00000001
0001D180
0000002C
00020000
00000000
00000000
02000000
840007FF
0001FFFF
03F0001F
02000000
00000081
00000018
0001D184
00000001
00000000
00000000
00000000
0001D21C
003F000C
00000080
00000010
00000000
00010100
00000001
0001D000
0000002C
00020000
00000000
00000000
02000000
840007FF
0000001F
0011FFFF
02000000
00000081
00000018
0001D004
00000002
00800000
00000000
00000003
0001D200
00000F00
00000F00
00000000
0001D204
80010000
00000001
0001D020
0000002C
00020000
00000000
00000000
02000000
840007FF
0000001F
00000000
02000000
00000081
00000018
0001D024
00000000
00800000
00000000
00000000
0001D214
003F0001
00000001
0001D040
0000002C
00020000
00000000
00000000
02000000
840007FF
0001FFFF
03F0001F
02000000
00000081
00000018
0001D044
00000001
00000000
00000000
00000000
0001D21C
003F0002
00000001
0001D060
0000002C
00020000
00000000
00000000
02000000
840007FF
0000001F
00000000
02000000
00000081
00000018
0001D064
00000000
00880000
00000000
00000000
0001D214
003F0003
00000001
0001D080
0000002C
00020000
00000000
00000000
02000000
840007FF
0001FFFF
03F0001F
02000000
00000081
00000018
0001D084
00000001
00000000
00000000
00000000
0001D21C
003F0004
00000080
00000010
00000000
00010100
00000001
0001D100
0000002C
00020000
00000000
00000000
02000000
840007FF
0000001F
0011FFFF
02000000
00000081
00000018
0001D104
00000002
00900000
00000000
00000003
0001D200
00000F00
00000F00
00000000
0001D204
80010008
00000001
0001D120
0000002C
00020000
00000000
00000000
02000000
840007FF
0000001F
00000000
02000000
00000081
00000018
0001D124
00000000
00900000
00000000
00000000
0001D214
003F0009
00000001
0001D140
0000002C
00020000
00000000
00000000
02000000
840007FF
0001FFFF
03F0001F
02000000
00000081
00000018
0001D144
00000001
00000000
00000000
00000000
0001D21C
003F000A
00000001
0001D160
0000002C
00020000
00000000
00000000
02000000
840007FF
0000001F
00000000
02000000
00000081
00000018
0001D164
00000000
00980000
00000000
00000000
0001D214
003F000B
00000001
0001D180
0000002C
00020000
00000000
00000000
02000000
840007FF
0001FFFF
03F0001F
02000000
00000081
00000018
0001D184
00000001
00000000
00000000
00000000
0001D21C
003F000C
00000080
00000010
00000000
00010100
00000001
0001D000
0000002C
00020000
00000000
00000000
02000000
840007FF
0000001F
0011FFFF
02000000
00000081
00000018
0001D004
00000002
00A00000
00000000
00000003
0001D200
00000F00
00000F00
00000000
0001D204
80010000
00000001
0001D020
0000002C
00020000
00000000
00000000
02000000
840007FF
0000001F
00000000
02000000
00000081
00000018
0001D024
00000000
00A00000
00000000
00000000
0001D214
003F0001
00000001
0001D040
0000002C
00020000
00000000
00000000
02000000
840007FF
0001FFFF
03F0001F
02000000
00000081
00000018
0001D044
00000001
00000000
00000000
00000000
0001D21C
003F0002
00000001
0001D060
0000002C
00020000
00000000
00000000
02000000
840007FF
0000001F
00000000
02000000
00000081
00000018
0001D064
00000000
00A80000
00000000
00000000
0001D214
003F0003
00000001
0001D080
0000002C
00020000
00000000
00000000
02000000
840007FF
0001FFFF
03F0001F
02000000
00000081
00000018
0001D084
00000001
00000000
00000000
00000000
0001D21C
003F0004
00000080
00000010
00000000
00010100
00000001
0001D100
0000002C
00020000
00000000
00000000
02000000
840007FF
0000001F
0011FFFF
02000000
00000081
00000018
0001D104
00000002
00B00000
00000000
00000003
0001D200
00000F00
00000F00
00000000
0001D204
80010008
00000001
0001D120
0000002C
00020000
00000000
00000000
02000000
840007FF
0000001F
00000000
02000000
00000081
00000018
0001D124
00000000
00B00000
00000000
00000000
0001D214
003F0009
00000001
0001D140
0000002C
00020000
00000000
00000000
02000000
840007FF
0001FFFF
03F0001F
02000000
00000081
00000018
0001D144
00000001
00000000
00000000
00000000
0001D21C
003F000A
00000001
0001D160
0000002C
00020000
00000000
00000000
02000000
840007FF
0000001F
00000000
02000000
00000081
00000018
0001D164
00000000
00B80000
00000000
00000000
0001D214
003F000B
00000001
0001D180
0000002C
00020000
00000000
00000000
02000000
840007FF
0001FFFF
03F0001F
02000000
00000081
00000018
0001D184
00000001
00000000
00000000
00000000
0001D21C
003F000C
00000080
00000010
00000000
00010100
00000001
0001D000
0000002C
00020000
00000000
00000000
02000000
840007FF
0000001F
0011FFFF
02000000
00000081
00000018
0001D004
00000002
00C00000
00000000
00000003
0001D200
00000F00
00000F00
00000000
0001D204
80010000
00000001
0001D020
0000002C
00020000
00000000
00000000
02000000
840007FF
0000001F
00000000
02000000
00000081
00000018
0001D024
00000000
00C00000
00000000
00000000
0001D214
003F0001
00000001
0001D040
0000002C
00020000
00000000
00000000
02000000
840007FF
0001FFFF
03F0001F
02000000
00000081
00000018
0001D044
00000001
00000000
00000000
00000000
0001D21C
003F0002
00000001
0001D060
0000002C
00020000
00000000
00000000
02000000
840007FF
0000001F
00000000
02000000
00000081
00000018
0001D064
00000000
00C80000
00000000
00000000
0001D214
003F0003
00000001
0001D080
0000002C
00020000
00000000
00000000
02000000
840007FF
0001FFFF
03F0001F
02000000
00000081
00000018
0001D084
00000001
00000000
00000000
00000000
0001D21C
003F0004
00000080
00000010
00000000
00010100
00000001
0001D100
0000002C
00020000
00000000
00000000
02000000
840007FF
0000001F
0011FFFF
02000000
00000081
00000018
0001D104
00000002
00D00000
00000000
00000003
0001D200
00000F00
00000F00
00000000
0001D204
80010008
00000001
0001D120
0000002C
00020000
00000000
00000000
02000000
840007FF
0000001F
00000000
02000000
00000081
00000018
0001D124
00000000
00D00000
00000000
00000000
0001D214
003F0009
00000001
0001D140
0000002C
00020000
00000000
00000000
02000000
840007FF
0001FFFF
03F0001F
02000000
00000081
00000018
0001D144
00000001
00000000
00000000
00000000
0001D21C
003F000A
00000001
0001D160
0000002C
00020000
00000000
00000000
02000000
840007FF
0000001F
00000000
02000000
00000081
00000018
0001D164
00000000
00D80000
00000000
00000000
0001D214
003F000B
00000001
0001D180
0000002C
00020000
00000000
00000000
02000000
840007FF
0001FFFF
03F0001F
02000000
00000081
00000018
0001D184
00000001
00000000
00000000
00000000
0001D21C
003F000C
00000080
00000010
00000000
00010100
00000001
0001D000
0000002C
00020000
00000000
00000000
02000000
840007FF
0000001F
0011FFFF
02000000
00000081
00000018
0001D004
00000002
00E00000
00000000
00000003
0001D200
00000F00
00000F00
00000000
0001D204
80010000
00000001
0001D020
0000002C
00020000
00000000
00000000
02000000
840007FF
0000001F
00000000
02000000
00000081
00000018
0001D024
00000000
00E00000
00000000
00000000
0001D214
003F0001
00000001
0001D040
0000002C
00020000
00000000
00000000
02000000
840007FF
0001FFFF
03F0001F
02000000
00000081
00000018
0001D044
00000001
00000000
00000000
00000000
0001D21C
003F0002
00000001
0001D060
0000002C
00020000
00000000
00000000
02000000
840007FF
0000001F
00000000
02000000
00000081
00000018
0001D064
00000000
00E80000
00000000
00000000
0001D214
003F0003
00000001
0001D080
0000002C
00020000
00000000
00000000
02000000
840007FF
0001FFFF
03F0001F
02000000
00000081
00000018
0001D084
00000001
00000000
00000000
00000000
0001D21C
003F0004
00000080
00000010
00000000
00010100
00000001
0001D100
0000002C
00020000
00000000
00000000
02000000
840007FF
0000001F
0011FFFF
02000000
00000081
00000018
0001D104
00000002
00F00000
00000000
00000003
0001D200
00000F00
00000F00
00000000
0001D204
80010008
00000001
0001D120
0000002C
00020000
00000000
00000000
02000000
840007FF
0000001F
00000000
02000000
00000081
00000018
0001D124
00000000
00F00000
00000000
00000000
0001D214
003F0009
00000001
0001D140
0000002C
00020000
00000000
00000000
02000000
840007FF
0001FFFF
03F0001F
02000000
00000081
00000018
0001D144
00000001
00000000
00000000
00000000
0001D21C
003F000A
00000001
0001D160
0000002C
00020000
00000000
00000000
02000000
840007FF
0000001F
00000000
02000000
00000081
00000018
0001D164
00000000
00F80000
00000000
00000000
0001D214
003F000B
00000001
0001D180
0000002C
00020000
00000000
00000000
02000000
840007FF
0001FFFF
03F0001F
02000000
00000081
00000018
0001D184
00000001
00000000
00000000
00000000
0001D21C
003F000C
00000080
00000010
00000000
00010100
00000080
00000010
00000000
00010100
