06030001
00000104
0000000B
00000120
00000001
0001D040
0000002C
00000240
00000000
00000000
00000000
80000000
00000000
00000000
02000000
00000081
00000018
0001D044
00000001
00000000
00000000
00000000
0001D21C
00230002
00000001
0001D020
0000002C
00004800
00000000
00000000
01000000
8200023F
0000000F
023047FF
02000000
00000081
00000018
0001D024
00000000
00000000
00000000
00000000
0001D214
00230001
00000001
0001D000
0000002C
00000480
00000000
00000000
00000000
80000000
00000000
00000000
02000000
00000081
00000018
0001D004
00000002
00000000
00000000
00000003
0001D200
00000F00
00000F00
00000000
0001D204
80000000
00000080
00000010
00000000
00010100
