06030001
00000101
00000044
000006D0
00000001
0001D000
0000002C
00004000
00000000
00000000
02000000
840000FF
0000001F
00103FFF
02000000
00000081
00000018
0001D004
00000002
00000000
00000000
00000003
0001D200
00000F00
00000F00
00000000
0001D204
80010000
00000001
0001D020
0000002C
00004000
00000000
00000000
02000000
840000FF
0000001F
00000000
02000000
00000081
00000018
0001D024
00000000
00000000
00000000
00000000
0001D214
00070001
00000001
0001D040
0000002C
00004000
00000000
00000000
02000000
840000FF
00003FFF
0070001F
02000000
00000081
00000018
0001D044
00000001
00000000
00000000
00000000
0001D21C
00070002
00000001
0001D060
0000002C
00004000
00000000
00000000
02000000
840000FF
0000001F
00000000
02000000
00000081
00000018
0001D064
00000000
00010000
00000000
00000000
0001D214
00070003
00000001
0001D080
0000002C
00004000
00000000
00000000
02000000
840000FF
00003FFF
0070001F
02000000
00000081
00000018
0001D084
00000001
00000000
00000000
00000000
0001D21C
00070004
00000001
0001D100
0000002C
00004000
00000000
00000000
02000000
840000FF
0000001F
00103FFF
02000000
00000081
00000018
0001D104
00000002
00020000
00000000
00000003
0001D200
00000F00
00000F00
00000000
0001D204
80010008
00000001
0001D120
0000002C
00004000
00000000
00000000
02000000
840000FF
0000001F
00000000
02000000
00000081
00000018
0001D124
00000000
00020000
00000000
00000000
0001D214
00070009
00000001
0001D140
0000002C
00004000
00000000
00000000
02000000
840000FF
00003FFF
0070001F
02000000
00000081
00000018
0001D144
00000001
00000000
00000000
00000000
0001D21C
0007000A
00000001
0001D160
0000002C
00004000
00000000
00000000
02000000
840000FF
0000001F
00000000
02000000
00000081
00000018
0001D164
00000000
00030000
00000000
00000000
0001D214
0007000B
00000001
0001D180
0000002C
00004000
00000000
00000000
02000000
840000FF
00003FFF
0070001F
02000000
00000081
00000018
0001D184
00000001
00000000
00000000
00000000
0001D21C
0007000C
00000080
00000010
00000000
00010100
00000001
0001D000
0000002C
00004000
00000000
00000000
02000000
840000FF
0000001F
00103FFF
02000000
00000081
00000018
0001D004
00000002
00040000
00000000
00000003
0001D200
00000F00
00000F00
00000000
0001D204
80010000
00000001
0001D020
0000002C
00004000
00000000
00000000
02000000
840000FF
0000001F
00000000
02000000
00000081
00000018
0001D024
00000000
00040000
00000000
00000000
0001D214
00070001
00000001
0001D040
0000002C
00004000
00000000
00000000
02000000
840000FF
00003FFF
0070001F
02000000
00000081
00000018
0001D044
00000001
00000000
00000000
00000000
0001D21C
00070002
00000001
0001D060
0000002C
00004000
00000000
00000000
02000000
840000FF
0000001F
00000000
02000000
00000081
00000018
0001D064
00000000
00050000
00000000
00000000
0001D214
00070003
00000001
0001D080
0000002C
00004000
00000000
00000000
02000000
840000FF
00003FFF
0070001F
02000000
00000081
00000018
0001D084
00000001
00000000
00000000
00000000
0001D21C
00070004
00000080
00000010
00000000
00010100
00000001
0001D100
0000002C
00004000
00000000
00000000
02000000
840000FF
0000001F
00103FFF
02000000
00000081
00000018
0001D104
00000002
00060000
00000000
00000003
0001D200
00000F00
00000F00
00000000
0001D204
80010008
00000001
0001D120
0000002C
00004000
00000000
00000000
02000000
840000FF
0000001F
00000000
02000000
00000081
00000018
0001D124
00000000
00060000
00000000
00000000
0001D214
00070009
00000001
0001D140
0000002C
00004000
00000000
00000000
02000000
840000FF
00003FFF
0070001F
02000000
00000081
00000018
0001D144
00000001
00000000
00000000
00000000
0001D21C
0007000A
00000001
0001D160
0000002C
00004000
00000000
00000000
02000000
840000FF
0000001F
00000000
02000000
00000081
00000018
0001D164
00000000
00070000
00000000
00000000
0001D214
0007000B
00000001
0001D180
0000002C
00004000
00000000
00000000
02000000
840000FF
00003FFF
0070001F
02000000
00000081
00000018
0001D184
00000001
00000000
00000000
00000000
0001D21C
0007000C
00000080
00000010
00000000
00010100
00000080
00000010
00000000
00010100
