06030001
00000102
00000044
000006D0
00000001
0001D000
0000002C
00010000
00000000
00000000
02000000
900001FF
0000003F
0011FFFF
02000000
00000081
00000018
0001D004
00000002
00000000
00000000
00000003
0001D200
00000F00
00000F00
00000000
0001D204
80010000
00000001
0001D020
0000002C
00008000
00000000
00000000
02000000
880000FF
0000001F
00000000
02000000
00000081
00000018
0001D024
00000000
00000000
00000000
00000000
0001D214
00070001
00000001
0001D040
0000002C
00004000
00000000
00000000
02000000
840001FF
00007FFF
0070003F
02000000
00000081
00000018
0001D044
00000001
00000000
00000000
00000000
0001D21C
00070002
00000001
0001D060
0000002C
00008000
00000000
00000000
02000000
880000FF
0000001F
00000000
02000000
00000081
00000018
0001D064
00000000
00040000
00000000
00000000
0001D214
00070003
00000001
0001D080
0000002C
00004000
00000000
00000000
02000000
840001FF
00007FFF
0070003F
02000000
00000081
00000018
0001D084
00000001
00000000
00000000
00000000
0001D21C
00070004
00000001
0201D000
0000002C
00010000
00000000
00000000
02000000
900001FF
0000003F
0011FFFF
02000000
00000081
00000018
0201D004
00000002
00000080
00000000
00000003
0201D200
00000F00
00000F00
00000000
0201D204
80010000
00000001
0201D020
0000002C
00008000
00000000
00000000
02000000
880000FF
0000001F
00000000
02000000
00000081
00000018
0201D024
00000000
00020000
00000000
00000000
0201D214
00070001
00000001
0201D040
0000002C
00004000
00000000
00000000
02000000
840001FF
00007FFF
0070003F
02000000
00000081
00000018
0201D044
00000001
00000080
00000000
00000000
0201D21C
00070002
00000001
0201D060
0000002C
00008000
00000000
00000000
02000000
880000FF
0000001F
00000000
02000000
00000081
00000018
0201D064
00000000
00060000
00000000
00000000
0201D214
00070003
00000001
0201D080
0000002C
00004000
00000000
00000000
02000000
840001FF
00007FFF
0070003F
02000000
00000081
00000018
0201D084
00000001
00000080
00000000
00000000
0201D21C
00070004
00000001
0001D100
0000002C
00010000
00000000
00000000
02000000
900001FF
0000003F
0011FFFF
02000000
00000081
00000018
0001D104
00000002
00100000
00000000
00000003
0001D200
00000F00
00000F00
00000000
0001D204
80010008
00000001
0001D120
0000002C
00008000
00000000
00000000
02000000
880000FF
0000001F
00000000
02000000
00000081
00000018
0001D124
00000000
00080000
00000000
00000000
0001D214
00070009
00000001
0001D140
0000002C
00004000
00000000
00000000
02000000
840001FF
00007FFF
0070003F
02000000
00000081
00000018
0001D144
00000001
00000000
00000000
00000000
0001D21C
0007000A
00000001
0001D160
0000002C
00008000
00000000
00000000
02000000
880000FF
0000001F
00000000
02000000
00000081
00000018
0001D164
00000000
000C0000
00000000
00000000
0001D214
0007000B
00000001
0001D180
0000002C
00004000
00000000
00000000
02000000
840001FF
00007FFF
0070003F
02000000
00000081
00000018
0001D184
00000001
00000000
00000000
00000000
0001D21C
0007000C
00000001
0201D100
0000002C
00010000
00000000
00000000
02000000
900001FF
0000003F
0011FFFF
02000000
00000081
00000018
0201D104
00000002
00100080
00000000
00000003
0201D200
00000F00
00000F00
00000000
0201D204
80010008
00000001
0201D120
0000002C
00008000
00000000
00000000
02000000
880000FF
0000001F
00000000
02000000
00000081
00000018
0201D124
00000000
000A0000
00000000
00000000
0201D214
00070009
00000001
0201D140
0000002C
00004000
00000000
00000000
02000000
840001FF
00007FFF
0070003F
02000000
00000081
00000018
0201D144
00000001
00000080
00000000
00000000
0201D21C
0007000A
00000001
0201D160
0000002C
00008000
00000000
00000000
02000000
880000FF
0000001F
00000000
02000000
00000081
00000018
0201D164
00000000
000E0000
00000000
00000000
0201D214
0007000B
00000001
0201D180
0000002C
00004000
00000000
00000000
02000000
840001FF
00007FFF
0070003F
02000000
00000081
00000018
0201D184
00000001
00000080
00000000
00000000
0201D21C
0007000C
00000080
00000010
00000000
00010100
00000080
00000010
00010000
00010100
00000080
00000010
00000000
00010100
00000080
00000010
00010000
00010100
