06030001
00000104
00000110
00001B10
00000001
0001D000
0000002C
00010000
00000000
00000000
02000000
900003FF
0000007F
0013FFFF
02000000
00000081
00000018
0001D004
00000002
00000000
00000000
00000003
0001D200
00000F00
00000F00
00000000
0001D204
80010000
00000001
0001D020
0000002C
00012000
00000000
00000000
02000000
8400047F
0000001F
00000000
02000000
00000081
00000018
0001D024
00000000
00000000
00000000
00000000
0001D214
00070001
00000001
0001D040
0000002C
00012000
00000000
00000000
02000000
840003FF
0000FFFF
0070007F
02000000
00000081
00000018
0001D044
00000001
00000000
00000000
00000000
0001D21C
00070002
00000001
0001D060
0000002C
00012000
00000000
00000000
02000000
8400047F
0000001F
00000000
02000000
00000081
00000018
0001D064
00000000
00120000
00000000
00000000
0001D214
00070003
00000001
0001D080
0000002C
00012000
00000000
00000000
02000000
840003FF
0000FFFF
0070007F
02000000
00000081
00000018
0001D084
00000001
00000000
00000000
00000000
0001D21C
00070004
00000001
0201D000
0000002C
00010000
00000000
00000000
02000000
900003FF
0000007F
0013FFFF
02000000
00000081
00000018
0201D004
00000002
00000080
00000000
00000003
0201D200
00000F00
00000F00
00000000
0201D204
80010000
00000001
0201D020
0000002C
00012000
00000000
00000000
02000000
8400047F
0000001F
00000000
02000000
00000081
00000018
0201D024
00000000
00048000
00000000
00000000
0201D214
00070001
00000001
0201D040
0000002C
00012000
00000000
00000000
02000000
840003FF
0000FFFF
0070007F
02000000
00000081
00000018
0201D044
00000001
00000080
00000000
00000000
0201D21C
00070002
00000001
0201D060
0000002C
00012000
00000000
00000000
02000000
8400047F
0000001F
00000000
02000000
00000081
00000018
0201D064
00000000
00168000
00000000
00000000
0201D214
00070003
00000001
0201D080
0000002C
00012000
00000000
00000000
02000000
840003FF
0000FFFF
0070007F
02000000
00000081
00000018
0201D084
00000001
00000080
00000000
00000000
0201D21C
00070004
00000001
0401D000
0000002C
00010000
00000000
00000000
02000000
900003FF
0000007F
0013FFFF
02000000
00000081
00000018
0401D004
00000002
00000100
00000000
00000003
0401D200
00000F00
00000F00
00000000
0401D204
80010000
00000001
0401D020
0000002C
00012000
00000000
00000000
02000000
8400047F
0000001F
00000000
02000000
00000081
00000018
0401D024
00000000
00090000
00000000
00000000
0401D214
00070001
00000001
0401D040
0000002C
00012000
00000000
00000000
02000000
840003FF
0000FFFF
0070007F
02000000
00000081
00000018
0401D044
00000001
00000100
00000000
00000000
0401D21C
00070002
00000001
0401D060
0000002C
00012000
00000000
00000000
02000000
8400047F
0000001F
00000000
02000000
00000081
00000018
0401D064
00000000
001B0000
00000000
00000000
0401D214
00070003
00000001
0401D080
0000002C
00012000
00000000
00000000
02000000
840003FF
0000FFFF
0070007F
02000000
00000081
00000018
0401D084
00000001
00000100
00000000
00000000
0401D21C
00070004
00000001
0601D000
0000002C
00010000
00000000
00000000
02000000
900003FF
0000007F
0013FFFF
02000000
00000081
00000018
0601D004
00000002
00000180
00000000
00000003
0601D200
00000F00
00000F00
00000000
0601D204
80010000
00000001
0601D020
0000002C
00012000
00000000
00000000
02000000
8400047F
0000001F
00000000
02000000
00000081
00000018
0601D024
00000000
000D8000
00000000
00000000
0601D214
00070001
00000001
0601D040
0000002C
00012000
00000000
00000000
02000000
840003FF
0000FFFF
0070007F
02000000
00000081
00000018
0601D044
00000001
00000180
00000000
00000000
0601D21C
00070002
00000001
0601D060
0000002C
00012000
00000000
00000000
02000000
8400047F
0000001F
00000000
02000000
00000081
00000018
0601D064
00000000
001F8000
00000000
00000000
0601D214
00070003
00000001
0601D080
0000002C
00012000
00000000
00000000
02000000
840003FF
0000FFFF
0070007F
02000000
00000081
00000018
0601D084
00000001
00000180
00000000
00000000
0601D21C
00070004
00000001
0001D100
0000002C
00010000
00000000
00000000
02000000
900003FF
0000007F
0013FFFF
02000000
00000081
00000018
0001D104
00000002
00200000
00000000
00000003
0001D200
00000F00
00000F00
00000000
0001D204
80010008
00000001
0001D120
0000002C
00012000
00000000
00000000
02000000
8400047F
0000001F
00000000
02000000
00000081
00000018
0001D124
00000000
00240000
00000000
00000000
0001D214
00070009
00000001
0001D140
0000002C
00012000
00000000
00000000
02000000
840003FF
0000FFFF
0070007F
02000000
00000081
00000018
0001D144
00000001
00000000
00000000
00000000
0001D21C
0007000A
00000001
0001D160
0000002C
00012000
00000000
00000000
02000000
8400047F
0000001F
00000000
02000000
00000081
00000018
0001D164
00000000
00360000
00000000
00000000
0001D214
0007000B
00000001
0001D180
0000002C
00012000
00000000
00000000
02000000
840003FF
0000FFFF
0070007F
02000000
00000081
00000018
0001D184
00000001
00000000
00000000
00000000
0001D21C
0007000C
00000001
0201D100
0000002C
00010000
00000000
00000000
02000000
900003FF
0000007F
0013FFFF
02000000
00000081
00000018
0201D104
00000002
00200080
00000000
00000003
0201D200
00000F00
00000F00
00000000
0201D204
80010008
00000001
0201D120
0000002C
00012000
00000000
00000000
02000000
8400047F
0000001F
00000000
02000000
00000081
00000018
0201D124
00000000
00288000
00000000
00000000
0201D214
00070009
00000001
0201D140
0000002C
00012000
00000000
00000000
02000000
840003FF
0000FFFF
0070007F
02000000
00000081
00000018
0201D144
00000001
00000080
00000000
00000000
0201D21C
0007000A
00000001
0201D160
0000002C
00012000
00000000
00000000
02000000
8400047F
0000001F
00000000
02000000
00000081
00000018
0201D164
00000000
003A8000
00000000
00000000
0201D214
0007000B
00000001
0201D180
0000002C
00012000
00000000
00000000
02000000
840003FF
0000FFFF
0070007F
02000000
00000081
00000018
0201D184
00000001
00000080
00000000
00000000
0201D21C
0007000C
00000001
0401D100
0000002C
00010000
00000000
00000000
02000000
900003FF
0000007F
0013FFFF
02000000
00000081
00000018
0401D104
00000002
00200100
00000000
00000003
0401D200
00000F00
00000F00
00000000
0401D204
80010008
00000001
0401D120
0000002C
00012000
00000000
00000000
02000000
8400047F
0000001F
00000000
02000000
00000081
00000018
0401D124
00000000
002D0000
00000000
00000000
0401D214
00070009
00000001
0401D140
0000002C
00012000
00000000
00000000
02000000
840003FF
0000FFFF
0070007F
02000000
00000081
00000018
0401D144
00000001
00000100
00000000
00000000
0401D21C
0007000A
00000001
0401D160
0000002C
00012000
00000000
00000000
02000000
8400047F
0000001F
00000000
02000000
00000081
00000018
0401D164
00000000
003F0000
00000000
00000000
0401D214
0007000B
00000001
0401D180
0000002C
00012000
00000000
00000000
02000000
840003FF
0000FFFF
0070007F
02000000
00000081
00000018
0401D184
00000001
00000100
00000000
00000000
0401D21C
0007000C
00000001
0601D100
0000002C
00010000
00000000
00000000
02000000
900003FF
0000007F
0013FFFF
02000000
00000081
00000018
0601D104
00000002
00200180
00000000
00000003
0601D200
00000F00
00000F00
00000000
0601D204
80010008
00000001
0601D120
0000002C
00012000
00000000
00000000
02000000
8400047F
0000001F
00000000
02000000
00000081
00000018
0601D124
00000000
00318000
00000000
00000000
0601D214
00070009
00000001
0601D140
0000002C
00012000
00000000
00000000
02000000
840003FF
0000FFFF
0070007F
02000000
00000081
00000018
0601D144
00000001
00000180
00000000
00000000
0601D21C
0007000A
00000001
0601D160
0000002C
00012000
00000000
00000000
02000000
8400047F
0000001F
00000000
02000000
00000081
00000018
0601D164
00000000
00438000
00000000
00000000
0601D214
0007000B
00000001
0601D180
0000002C
00012000
00000000
00000000
02000000
840003FF
0000FFFF
0070007F
02000000
00000081
00000018
0601D184
00000001
00000180
00000000
00000000
0601D21C
0007000C
00000080
00000010
00000000
00010100
00000080
00000010
00010000
00010100
00000080
00000010
00020000
00010100
00000080
00000010
00030000
00010100
00000001
0001D000
0000002C
00010000
00000000
00000000
02000000
900003FF
0000007F
0013FFFF
02000000
00000081
00000018
0001D004
00000002
00400000
00000000
00000003
0001D200
00000F00
00000F00
00000000
0001D204
80010000
00000001
0001D020
0000002C
00012000
00000000
00000000
02000000
8400047F
0000001F
00000000
02000000
00000081
00000018
0001D024
00000000
00480000
00000000
00000000
0001D214
00070001
00000001
0001D040
0000002C
00012000
00000000
00000000
02000000
840003FF
0000FFFF
0070007F
02000000
00000081
00000018
0001D044
00000001
00000000
00000000
00000000
0001D21C
00070002
00000001
0001D060
0000002C
00012000
00000000
00000000
02000000
8400047F
0000001F
00000000
02000000
00000081
00000018
0001D064
00000000
005A0000
00000000
00000000
0001D214
00070003
00000001
0001D080
0000002C
00012000
00000000
00000000
02000000
840003FF
0000FFFF
0070007F
02000000
00000081
00000018
0001D084
00000001
00000000
00000000
00000000
0001D21C
00070004
00000001
0201D000
0000002C
00010000
00000000
00000000
02000000
900003FF
0000007F
0013FFFF
02000000
00000081
00000018
0201D004
00000002
00400080
00000000
00000003
0201D200
00000F00
00000F00
00000000
0201D204
80010000
00000001
0201D020
0000002C
00012000
00000000
00000000
02000000
8400047F
0000001F
00000000
02000000
00000081
00000018
0201D024
00000000
004C8000
00000000
00000000
0201D214
00070001
00000001
0201D040
0000002C
00012000
00000000
00000000
02000000
840003FF
0000FFFF
0070007F
02000000
00000081
00000018
0201D044
00000001
00000080
00000000
00000000
0201D21C
00070002
00000001
0201D060
0000002C
00012000
00000000
00000000
02000000
8400047F
0000001F
00000000
02000000
00000081
00000018
0201D064
00000000
005E8000
00000000
00000000
0201D214
00070003
00000001
0201D080
0000002C
00012000
00000000
00000000
02000000
840003FF
0000FFFF
0070007F
02000000
00000081
00000018
0201D084
00000001
00000080
00000000
00000000
0201D21C
00070004
00000001
0401D000
0000002C
00010000
00000000
00000000
02000000
900003FF
0000007F
0013FFFF
02000000
00000081
00000018
0401D004
00000002
00400100
00000000
00000003
0401D200
00000F00
00000F00
00000000
0401D204
80010000
00000001
0401D020
0000002C
00012000
00000000
00000000
02000000
8400047F
0000001F
00000000
02000000
00000081
00000018
0401D024
00000000
00510000
00000000
00000000
0401D214
00070001
00000001
0401D040
0000002C
00012000
00000000
00000000
02000000
840003FF
0000FFFF
0070007F
02000000
00000081
00000018
0401D044
00000001
00000100
00000000
00000000
0401D21C
00070002
00000001
0401D060
0000002C
00012000
00000000
00000000
02000000
8400047F
0000001F
00000000
02000000
00000081
00000018
0401D064
00000000
00630000
00000000
00000000
0401D214
00070003
00000001
0401D080
0000002C
00012000
00000000
00000000
02000000
840003FF
0000FFFF
0070007F
02000000
00000081
00000018
0401D084
00000001
00000100
00000000
00000000
0401D21C
00070004
00000001
0601D000
0000002C
00010000
00000000
00000000
02000000
900003FF
0000007F
0013FFFF
02000000
00000081
00000018
0601D004
00000002
00400180
00000000
00000003
0601D200
00000F00
00000F00
00000000
0601D204
80010000
00000001
0601D020
0000002C
00012000
00000000
00000000
02000000
8400047F
0000001F
00000000
02000000
00000081
00000018
0601D024
00000000
00558000
00000000
00000000
0601D214
00070001
00000001
0601D040
0000002C
00012000
00000000
00000000
02000000
840003FF
0000FFFF
0070007F
02000000
00000081
00000018
0601D044
00000001
00000180
00000000
00000000
0601D21C
00070002
00000001
0601D060
0000002C
00012000
00000000
00000000
02000000
8400047F
0000001F
00000000
02000000
00000081
00000018
0601D064
00000000
00678000
00000000
00000000
0601D214
00070003
00000001
0601D080
0000002C
00012000
00000000
00000000
02000000
840003FF
0000FFFF
0070007F
02000000
00000081
00000018
0601D084
00000001
00000180
00000000
00000000
0601D21C
00070004
00000080
00000010
00000000
00010100
00000080
00000010
00010000
00010100
00000080
00000010
00020000
00010100
00000080
00000010
00030000
00010100
00000001
0001D100
0000002C
00010000
00000000
00000000
02000000
900003FF
0000007F
0013FFFF
02000000
00000081
00000018
0001D104
00000002
00600000
00000000
00000003
0001D200
00000F00
00000F00
00000000
0001D204
80010008
00000001
0001D120
0000002C
00012000
00000000
00000000
02000000
8400047F
0000001F
00000000
02000000
00000081
00000018
0001D124
00000000
006C0000
00000000
00000000
0001D214
00070009
00000001
0001D140
0000002C
00012000
00000000
00000000
02000000
840003FF
0000FFFF
0070007F
02000000
00000081
00000018
0001D144
00000001
00000000
00000000
00000000
0001D21C
0007000A
00000001
0001D160
0000002C
00012000
00000000
00000000
02000000
8400047F
0000001F
00000000
02000000
00000081
00000018
0001D164
00000000
007E0000
00000000
00000000
0001D214
0007000B
00000001
0001D180
0000002C
00012000
00000000
00000000
02000000
840003FF
0000FFFF
0070007F
02000000
00000081
00000018
0001D184
00000001
00000000
00000000
00000000
0001D21C
0007000C
00000001
0201D100
0000002C
00010000
00000000
00000000
02000000
900003FF
0000007F
0013FFFF
02000000
00000081
00000018
0201D104
00000002
00600080
00000000
00000003
0201D200
00000F00
00000F00
00000000
0201D204
80010008
00000001
0201D120
0000002C
00012000
00000000
00000000
02000000
8400047F
0000001F
00000000
02000000
00000081
00000018
0201D124
00000000
00708000
00000000
00000000
0201D214
00070009
00000001
0201D140
0000002C
00012000
00000000
00000000
02000000
840003FF
0000FFFF
0070007F
02000000
00000081
00000018
0201D144
00000001
00000080
00000000
00000000
0201D21C
0007000A
00000001
0201D160
0000002C
00012000
00000000
00000000
02000000
8400047F
0000001F
00000000
02000000
00000081
00000018
0201D164
00000000
00828000
00000000
00000000
0201D214
0007000B
00000001
0201D180
0000002C
00012000
00000000
00000000
02000000
840003FF
0000FFFF
0070007F
02000000
00000081
00000018
0201D184
00000001
00000080
00000000
00000000
0201D21C
0007000C
00000001
0401D100
0000002C
00010000
00000000
00000000
02000000
900003FF
0000007F
0013FFFF
02000000
00000081
00000018
0401D104
00000002
00600100
00000000
00000003
0401D200
00000F00
00000F00
00000000
0401D204
80010008
00000001
0401D120
0000002C
00012000
00000000
00000000
02000000
8400047F
0000001F
00000000
02000000
00000081
00000018
0401D124
00000000
00750000
00000000
00000000
0401D214
00070009
00000001
0401D140
0000002C
00012000
00000000
00000000
02000000
840003FF
0000FFFF
0070007F
02000000
00000081
00000018
0401D144
00000001
00000100
00000000
00000000
0401D21C
0007000A
00000001
0401D160
0000002C
00012000
00000000
00000000
02000000
8400047F
0000001F
00000000
02000000
00000081
00000018
0401D164
00000000
00870000
00000000
00000000
0401D214
0007000B
00000001
0401D180
0000002C
00012000
00000000
00000000
02000000
840003FF
0000FFFF
0070007F
02000000
00000081
00000018
0401D184
00000001
00000100
00000000
00000000
0401D21C
0007000C
00000001
0601D100
0000002C
00010000
00000000
00000000
02000000
900003FF
0000007F
0013FFFF
02000000
00000081
00000018
0601D104
00000002
00600180
00000000
00000003
0601D200
00000F00
00000F00
00000000
0601D204
80010008
00000001
0601D120
0000002C
00012000
00000000
00000000
02000000
8400047F
0000001F
00000000
02000000
00000081
00000018
0601D124
00000000
00798000
00000000
00000000
0601D214
00070009
00000001
0601D140
0000002C
00012000
00000000
00000000
02000000
840003FF
0000FFFF
0070007F
02000000
00000081
00000018
0601D144
00000001
00000180
00000000
00000000
0601D21C
0007000A
00000001
0601D160
0000002C
00012000
00000000
00000000
02000000
8400047F
0000001F
00000000
02000000
00000081
00000018
0601D164
00000000
008B8000
00000000
00000000
0601D214
0007000B
00000001
0601D180
0000002C
00012000
00000000
00000000
02000000
840003FF
0000FFFF
0070007F
02000000
00000081
00000018
0601D184
00000001
00000180
00000000
00000000
0601D21C
0007000C
00000080
00000010
00000000
00010100
00000080
00000010
00010000
00010100
00000080
00000010
00020000
00010100
00000080
00000010
00030000
00010100
00000080
00000010
00000000
00010100
00000080
00000010
00010000
00010100
00000080
00000010
00020000
00010100
00000080
00000010
00030000
00010100
