06030001
00000104
000004C0
00007410
00000001
0201D040
0000002C
00000800
00000000
00000000
00000000
80000000
00000000
00000000
02000000
00000081
00000018
0201D044
00000001
00000000
00000000
00000000
0201D21C
00000002
00000001
0001D020
0000002C
00010000
00000000
00000000
01000000
820007FF
0000000F
00000000
02000000
00000081
00000018
0001D024
00000000
00000000
00000000
00000000
0001D214
00000001
00000001
0001D000
0000002C
00000020
00000000
00000000
00000000
80000000
00000000
00000000
02000000
00000081
00000018
0001D004
00000002
00000000
00000000
00000003
0001D200
00000F00
00000F00
00000000
0001D204
80000000
00000001
0201D020
0000002C
00010000
00000000
00000000
01000000
820007FF
0000000F
00000000
02000000
00000081
00000018
0201D024
00000000
01000000
00000000
00000000
0201D214
00000001
00000001
0201D000
0000002C
00000020
00000000
00000000
00000000
80000000
00000000
00000000
02000000
00000081
00000018
0201D004
00000002
00002000
00000000
00000003
0201D200
00000F00
00000F00
00000000
0201D204
80000000
00000080
00000010
00000000
00010100
00000080
00000010
00010000
00010100
00000001
0201D040
0000002C
00000800
00000000
00000000
00000000
80000000
00000000
00000000
02000000
00000081
00000018
0201D044
00000001
00000000
00000000
00000000
0201D21C
00000002
00000001
0001D020
0000002C
00010000
00000000
00000000
01000000
820007FF
0000000F
00000000
02000000
00000081
00000018
0001D024
00000000
00040000
00000000
00000000
0001D214
00000001
00000001
0001D000
0000002C
00000020
00000000
00000000
00000000
80000000
00000000
00000000
02000000
00000081
00000018
0001D004
00000002
00000080
00000000
00000003
0001D200
00000F00
00000F00
00000000
0001D204
80000000
00000001
0201D020
0000002C
00010000
00000000
00000000
01000000
820007FF
0000000F
00000000
02000000
00000081
00000018
0201D024
00000000
01040000
00000000
00000000
0201D214
00000001
00000001
0201D000
0000002C
00000020
00000000
00000000
00000000
80000000
00000000
00000000
02000000
00000081
00000018
0201D004
00000002
00002080
00000000
00000003
0201D200
00000F00
00000F00
00000000
0201D204
80000000
00000080
00000010
00000000
00010100
00000080
00000010
00010000
00010100
00000001
0201D040
0000002C
00000800
00000000
00000000
00000000
80000000
00000000
00000000
02000000
00000081
00000018
0201D044
00000001
00000000
00000000
00000000
0201D21C
00000002
00000001
0001D020
0000002C
00010000
00000000
00000000
01000000
820007FF
0000000F
00000000
02000000
00000081
00000018
0001D024
00000000
00080000
00000000
00000000
0001D214
00000001
00000001
0001D000
0000002C
00000020
00000000
00000000
00000000
80000000
00000000
00000000
02000000
00000081
00000018
0001D004
00000002
00000100
00000000
00000003
0001D200
00000F00
00000F00
00000000
0001D204
80000000
00000001
0201D020
0000002C
00010000
00000000
00000000
01000000
820007FF
0000000F
00000000
02000000
00000081
00000018
0201D024
00000000
01080000
00000000
00000000
0201D214
00000001
00000001
0201D000
0000002C
00000020
00000000
00000000
00000000
80000000
00000000
00000000
02000000
00000081
00000018
0201D004
00000002
00002100
00000000
00000003
0201D200
00000F00
00000F00
00000000
0201D204
80000000
00000080
00000010
00000000
00010100
00000080
00000010
00010000
00010100
00000001
0201D040
0000002C
00000800
00000000
00000000
00000000
80000000
00000000
00000000
02000000
00000081
00000018
0201D044
00000001
00000000
00000000
00000000
0201D21C
00000002
00000001
0001D020
0000002C
00010000
00000000
00000000
01000000
820007FF
0000000F
00000000
02000000
00000081
00000018
0001D024
00000000
000C0000
00000000
00000000
0001D214
00000001
00000001
0001D000
0000002C
00000020
00000000
00000000
00000000
80000000
00000000
00000000
02000000
00000081
00000018
0001D004
00000002
00000180
00000000
00000003
0001D200
00000F00
00000F00
00000000
0001D204
80000000
00000001
0201D020
0000002C
00010000
00000000
00000000
01000000
820007FF
0000000F
00000000
02000000
00000081
00000018
0201D024
00000000
010C0000
00000000
00000000
0201D214
00000001
00000001
0201D000
0000002C
00000020
00000000
00000000
00000000
80000000
00000000
00000000
02000000
00000081
00000018
0201D004
00000002
00002180
00000000
00000003
0201D200
00000F00
00000F00
00000000
0201D204
80000000
00000080
00000010
00000000
00010100
00000080
00000010
00010000
00010100
00000001
0201D040
0000002C
00000800
00000000
00000000
00000000
80000000
00000000
00000000
02000000
00000081
00000018
0201D044
00000001
00000000
00000000
00000000
0201D21C
00000002
00000001
0001D020
0000002C
00010000
00000000
00000000
01000000
820007FF
0000000F
00000000
02000000
00000081
00000018
0001D024
00000000
00100000
00000000
00000000
0001D214
00000001
00000001
0001D000
0000002C
00000020
00000000
00000000
00000000
80000000
00000000
00000000
02000000
00000081
00000018
0001D004
00000002
00000200
00000000
00000003
0001D200
00000F00
00000F00
00000000
0001D204
80000000
00000001
0201D020
0000002C
00010000
00000000
00000000
01000000
820007FF
0000000F
00000000
02000000
00000081
00000018
0201D024
00000000
01100000
00000000
00000000
0201D214
00000001
00000001
0201D000
0000002C
00000020
00000000
00000000
00000000
80000000
00000000
00000000
02000000
00000081
00000018
0201D004
00000002
00002200
00000000
00000003
0201D200
00000F00
00000F00
00000000
0201D204
80000000
00000080
00000010
00000000
00010100
00000080
00000010
00010000
00010100
00000001
0201D040
0000002C
00000800
00000000
00000000
00000000
80000000
00000000
00000000
02000000
00000081
00000018
0201D044
00000001
00000000
00000000
00000000
0201D21C
00000002
00000001
0001D020
0000002C
00010000
00000000
00000000
01000000
820007FF
0000000F
00000000
02000000
00000081
00000018
0001D024
00000000
00140000
00000000
00000000
0001D214
00000001
00000001
0001D000
0000002C
00000020
00000000
00000000
00000000
80000000
00000000
00000000
02000000
00000081
00000018
0001D004
00000002
00000280
00000000
00000003
0001D200
00000F00
00000F00
00000000
0001D204
80000000
00000001
0201D020
0000002C
00010000
00000000
00000000
01000000
820007FF
0000000F
00000000
02000000
00000081
00000018
0201D024
00000000
01140000
00000000
00000000
0201D214
00000001
00000001
0201D000
0000002C
00000020
00000000
00000000
00000000
80000000
00000000
00000000
02000000
00000081
00000018
0201D004
00000002
00002280
00000000
00000003
0201D200
00000F00
00000F00
00000000
0201D204
80000000
00000080
00000010
00000000
00010100
00000080
00000010
00010000
00010100
00000001
0201D040
0000002C
00000800
00000000
00000000
00000000
80000000
00000000
00000000
02000000
00000081
00000018
0201D044
00000001
00000000
00000000
00000000
0201D21C
00000002
00000001
0001D020
0000002C
00010000
00000000
00000000
01000000
820007FF
0000000F
00000000
02000000
00000081
00000018
0001D024
00000000
00180000
00000000
00000000
0001D214
00000001
00000001
0001D000
0000002C
00000020
00000000
00000000
00000000
80000000
00000000
00000000
02000000
00000081
00000018
0001D004
00000002
00000300
00000000
00000003
0001D200
00000F00
00000F00
00000000
0001D204
80000000
00000001
0201D020
0000002C
00010000
00000000
00000000
01000000
820007FF
0000000F
00000000
02000000
00000081
00000018
0201D024
00000000
01180000
00000000
00000000
0201D214
00000001
00000001
0201D000
0000002C
00000020
00000000
00000000
00000000
80000000
00000000
00000000
02000000
00000081
00000018
0201D004
00000002
00002300
00000000
00000003
0201D200
00000F00
00000F00
00000000
0201D204
80000000
00000080
00000010
00000000
00010100
00000080
00000010
00010000
00010100
00000001
0201D040
0000002C
00000800
00000000
00000000
00000000
80000000
00000000
00000000
02000000
00000081
00000018
0201D044
00000001
00000000
00000000
00000000
0201D21C
00000002
00000001
0001D020
0000002C
00010000
00000000
00000000
01000000
820007FF
0000000F
00000000
02000000
00000081
00000018
0001D024
00000000
001C0000
00000000
00000000
0001D214
00000001
00000001
0001D000
0000002C
00000020
00000000
00000000
00000000
80000000
00000000
00000000
02000000
00000081
00000018
0001D004
00000002
00000380
00000000
00000003
0001D200
00000F00
00000F00
00000000
0001D204
80000000
00000001
0201D020
0000002C
00010000
00000000
00000000
01000000
820007FF
0000000F
00000000
02000000
00000081
00000018
0201D024
00000000
011C0000
00000000
00000000
0201D214
00000001
00000001
0201D000
0000002C
00000020
00000000
00000000
00000000
80000000
00000000
00000000
02000000
00000081
00000018
0201D004
00000002
00002380
00000000
00000003
0201D200
00000F00
00000F00
00000000
0201D204
80000000
00000080
00000010
00000000
00010100
00000080
00000010
00010000
00010100
00000001
0201D040
0000002C
00000800
00000000
00000000
00000000
80000000
00000000
00000000
02000000
00000081
00000018
0201D044
00000001
00000000
00000000
00000000
0201D21C
00000002
00000001
0001D020
0000002C
00010000
00000000
00000000
01000000
820007FF
0000000F
00000000
02000000
00000081
00000018
0001D024
00000000
00200000
00000000
00000000
0001D214
00000001
00000001
0001D000
0000002C
00000020
00000000
00000000
00000000
80000000
00000000
00000000
02000000
00000081
00000018
0001D004
00000002
00000400
00000000
00000003
0001D200
00000F00
00000F00
00000000
0001D204
80000000
00000001
0201D020
0000002C
00010000
00000000
00000000
01000000
820007FF
0000000F
00000000
02000000
00000081
00000018
0201D024
00000000
01200000
00000000
00000000
0201D214
00000001
00000001
0201D000
0000002C
00000020
00000000
00000000
00000000
80000000
00000000
00000000
02000000
00000081
00000018
0201D004
00000002
00002400
00000000
00000003
0201D200
00000F00
00000F00
00000000
0201D204
80000000
00000080
00000010
00000000
00010100
00000080
00000010
00010000
00010100
00000001
0201D040
0000002C
00000800
00000000
00000000
00000000
80000000
00000000
00000000
02000000
00000081
00000018
0201D044
00000001
00000000
00000000
00000000
0201D21C
00000002
00000001
0001D020
0000002C
00010000
00000000
00000000
01000000
820007FF
0000000F
00000000
02000000
00000081
00000018
0001D024
00000000
00240000
00000000
00000000
0001D214
00000001
00000001
0001D000
0000002C
00000020
00000000
00000000
00000000
80000000
00000000
00000000
02000000
00000081
00000018
0001D004
00000002
00000480
00000000
00000003
0001D200
00000F00
00000F00
00000000
0001D204
80000000
00000001
0201D020
0000002C
00010000
00000000
00000000
01000000
820007FF
0000000F
00000000
02000000
00000081
00000018
0201D024
00000000
01240000
00000000
00000000
0201D214
00000001
00000001
0201D000
0000002C
00000020
00000000
00000000
00000000
80000000
00000000
00000000
02000000
00000081
00000018
0201D004
00000002
00002480
00000000
00000003
0201D200
00000F00
00000F00
00000000
0201D204
80000000
00000080
00000010
00000000
00010100
00000080
00000010
00010000
00010100
00000001
0201D040
0000002C
00000800
00000000
00000000
00000000
80000000
00000000
00000000
02000000
00000081
00000018
0201D044
00000001
00000000
00000000
00000000
0201D21C
00000002
00000001
0001D020
0000002C
00010000
00000000
00000000
01000000
820007FF
0000000F
00000000
02000000
00000081
00000018
0001D024
00000000
00280000
00000000
00000000
0001D214
00000001
00000001
0001D000
0000002C
00000020
00000000
00000000
00000000
80000000
00000000
00000000
02000000
00000081
00000018
0001D004
00000002
00000500
00000000
00000003
0001D200
00000F00
00000F00
00000000
0001D204
80000000
00000001
0201D020
0000002C
00010000
00000000
00000000
01000000
820007FF
0000000F
00000000
02000000
00000081
00000018
0201D024
00000000
01280000
00000000
00000000
0201D214
00000001
00000001
0201D000
0000002C
00000020
00000000
00000000
00000000
80000000
00000000
00000000
02000000
00000081
00000018
0201D004
00000002
00002500
00000000
00000003
0201D200
00000F00
00000F00
00000000
0201D204
80000000
00000080
00000010
00000000
00010100
00000080
00000010
00010000
00010100
00000001
0201D040
0000002C
00000800
00000000
00000000
00000000
80000000
00000000
00000000
02000000
00000081
00000018
0201D044
00000001
00000000
00000000
00000000
0201D21C
00000002
00000001
0001D020
0000002C
00010000
00000000
00000000
01000000
820007FF
0000000F
00000000
02000000
00000081
00000018
0001D024
00000000
002C0000
00000000
00000000
0001D214
00000001
00000001
0001D000
0000002C
00000020
00000000
00000000
00000000
80000000
00000000
00000000
02000000
00000081
00000018
0001D004
00000002
00000580
00000000
00000003
0001D200
00000F00
00000F00
00000000
0001D204
80000000
00000001
0201D020
0000002C
00010000
00000000
00000000
01000000
820007FF
0000000F
00000000
02000000
00000081
00000018
0201D024
00000000
012C0000
00000000
00000000
0201D214
00000001
00000001
0201D000
0000002C
00000020
00000000
00000000
00000000
80000000
00000000
00000000
02000000
00000081
00000018
0201D004
00000002
00002580
00000000
00000003
0201D200
00000F00
00000F00
00000000
0201D204
80000000
00000080
00000010
00000000
00010100
00000080
00000010
00010000
00010100
00000001
0201D040
0000002C
00000800
00000000
00000000
00000000
80000000
00000000
00000000
02000000
00000081
00000018
0201D044
00000001
00000000
00000000
00000000
0201D21C
00000002
00000001
0001D020
0000002C
00010000
00000000
00000000
01000000
820007FF
0000000F
00000000
02000000
00000081
00000018
0001D024
00000000
00300000
00000000
00000000
0001D214
00000001
00000001
0001D000
0000002C
00000020
00000000
00000000
00000000
80000000
00000000
00000000
02000000
00000081
00000018
0001D004
00000002
00000600
00000000
00000003
0001D200
00000F00
00000F00
00000000
0001D204
80000000
00000001
0201D020
0000002C
00010000
00000000
00000000
01000000
820007FF
0000000F
00000000
02000000
00000081
00000018
0201D024
00000000
01300000
00000000
00000000
0201D214
00000001
00000001
0201D000
0000002C
00000020
00000000
00000000
00000000
80000000
00000000
00000000
02000000
00000081
00000018
0201D004
00000002
00002600
00000000
00000003
0201D200
00000F00
00000F00
00000000
0201D204
80000000
00000080
00000010
00000000
00010100
00000080
00000010
00010000
00010100
00000001
0201D040
0000002C
00000800
00000000
00000000
00000000
80000000
00000000
00000000
02000000
00000081
00000018
0201D044
00000001
00000000
00000000
00000000
0201D21C
00000002
00000001
0001D020
0000002C
00010000
00000000
00000000
01000000
820007FF
0000000F
00000000
02000000
00000081
00000018
0001D024
00000000
00340000
00000000
00000000
0001D214
00000001
00000001
0001D000
0000002C
00000020
00000000
00000000
00000000
80000000
00000000
00000000
02000000
00000081
00000018
0001D004
00000002
00000680
00000000
00000003
0001D200
00000F00
00000F00
00000000
0001D204
80000000
00000001
0201D020
0000002C
00010000
00000000
00000000
01000000
820007FF
0000000F
00000000
02000000
00000081
00000018
0201D024
00000000
01340000
00000000
00000000
0201D214
00000001
00000001
0201D000
0000002C
00000020
00000000
00000000
00000000
80000000
00000000
00000000
02000000
00000081
00000018
0201D004
00000002
00002680
00000000
00000003
0201D200
00000F00
00000F00
00000000
0201D204
80000000
00000080
00000010
00000000
00010100
00000080
00000010
00010000
00010100
00000001
0201D040
0000002C
00000800
00000000
00000000
00000000
80000000
00000000
00000000
02000000
00000081
00000018
0201D044
00000001
00000000
00000000
00000000
0201D21C
00000002
00000001
0001D020
0000002C
00010000
00000000
00000000
01000000
820007FF
0000000F
00000000
02000000
00000081
00000018
0001D024
00000000
00380000
00000000
00000000
0001D214
00000001
00000001
0001D000
0000002C
00000020
00000000
00000000
00000000
80000000
00000000
00000000
02000000
00000081
00000018
0001D004
00000002
00000700
00000000
00000003
0001D200
00000F00
00000F00
00000000
0001D204
80000000
00000001
0201D020
0000002C
00010000
00000000
00000000
01000000
820007FF
0000000F
00000000
02000000
00000081
00000018
0201D024
00000000
01380000
00000000
00000000
0201D214
00000001
00000001
0201D000
0000002C
00000020
00000000
00000000
00000000
80000000
00000000
00000000
02000000
00000081
00000018
0201D004
00000002
00002700
00000000
00000003
0201D200
00000F00
00000F00
00000000
0201D204
80000000
00000080
00000010
00000000
00010100
00000080
00000010
00010000
00010100
00000001
0201D040
0000002C
00000800
00000000
00000000
00000000
80000000
00000000
00000000
02000000
00000081
00000018
0201D044
00000001
00000000
00000000
00000000
0201D21C
00000002
00000001
0001D020
0000002C
00010000
00000000
00000000
01000000
820007FF
0000000F
00000000
02000000
00000081
00000018
0001D024
00000000
003C0000
00000000
00000000
0001D214
00000001
00000001
0001D000
0000002C
00000020
00000000
00000000
00000000
80000000
00000000
00000000
02000000
00000081
00000018
0001D004
00000002
00000780
00000000
00000003
0001D200
00000F00
00000F00
00000000
0001D204
80000000
00000001
0201D020
0000002C
00010000
00000000
00000000
01000000
820007FF
0000000F
00000000
02000000
00000081
00000018
0201D024
00000000
013C0000
00000000
00000000
0201D214
00000001
00000001
0201D000
0000002C
00000020
00000000
00000000
00000000
80000000
00000000
00000000
02000000
00000081
00000018
0201D004
00000002
00002780
00000000
00000003
0201D200
00000F00
00000F00
00000000
0201D204
80000000
00000080
00000010
00000000
00010100
00000080
00000010
00010000
00010100
00000001
0201D040
0000002C
00000800
00000000
00000000
00000000
80000000
00000000
00000000
02000000
00000081
00000018
0201D044
00000001
00000000
00000000
00000000
0201D21C
00000002
00000001
0001D020
0000002C
00010000
00000000
00000000
01000000
820007FF
0000000F
00000000
02000000
00000081
00000018
0001D024
00000000
00400000
00000000
00000000
0001D214
00000001
00000001
0001D000
0000002C
00000020
00000000
00000000
00000000
80000000
00000000
00000000
02000000
00000081
00000018
0001D004
00000002
00000800
00000000
00000003
0001D200
00000F00
00000F00
00000000
0001D204
80000000
00000001
0201D020
0000002C
00010000
00000000
00000000
01000000
820007FF
0000000F
00000000
02000000
00000081
00000018
0201D024
00000000
01400000
00000000
00000000
0201D214
00000001
00000001
0201D000
0000002C
00000020
00000000
00000000
00000000
80000000
00000000
00000000
02000000
00000081
00000018
0201D004
00000002
00002800
00000000
00000003
0201D200
00000F00
00000F00
00000000
0201D204
80000000
00000080
00000010
00000000
00010100
00000080
00000010
00010000
00010100
00000001
0201D040
0000002C
00000800
00000000
00000000
00000000
80000000
00000000
00000000
02000000
00000081
00000018
0201D044
00000001
00000000
00000000
00000000
0201D21C
00000002
00000001
0001D020
0000002C
00010000
00000000
00000000
01000000
820007FF
0000000F
00000000
02000000
00000081
00000018
0001D024
00000000
00440000
00000000
00000000
0001D214
00000001
00000001
0001D000
0000002C
00000020
00000000
00000000
00000000
80000000
00000000
00000000
02000000
00000081
00000018
0001D004
00000002
00000880
00000000
00000003
0001D200
00000F00
00000F00
00000000
0001D204
80000000
00000001
0201D020
0000002C
00010000
00000000
00000000
01000000
820007FF
0000000F
00000000
02000000
00000081
00000018
0201D024
00000000
01440000
00000000
00000000
0201D214
00000001
00000001
0201D000
0000002C
00000020
00000000
00000000
00000000
80000000
00000000
00000000
02000000
00000081
00000018
0201D004
00000002
00002880
00000000
00000003
0201D200
00000F00
00000F00
00000000
0201D204
80000000
00000080
00000010
00000000
00010100
00000080
00000010
00010000
00010100
00000001
0201D040
0000002C
00000800
00000000
00000000
00000000
80000000
00000000
00000000
02000000
00000081
00000018
0201D044
00000001
00000000
00000000
00000000
0201D21C
00000002
00000001
0001D020
0000002C
00010000
00000000
00000000
01000000
820007FF
0000000F
00000000
02000000
00000081
00000018
0001D024
00000000
00480000
00000000
00000000
0001D214
00000001
00000001
0001D000
0000002C
00000020
00000000
00000000
00000000
80000000
00000000
00000000
02000000
00000081
00000018
0001D004
00000002
00000900
00000000
00000003
0001D200
00000F00
00000F00
00000000
0001D204
80000000
00000001
0201D020
0000002C
00010000
00000000
00000000
01000000
820007FF
0000000F
00000000
02000000
00000081
00000018
0201D024
00000000
01480000
00000000
00000000
0201D214
00000001
00000001
0201D000
0000002C
00000020
00000000
00000000
00000000
80000000
00000000
00000000
02000000
00000081
00000018
0201D004
00000002
00002900
00000000
00000003
0201D200
00000F00
00000F00
00000000
0201D204
80000000
00000080
00000010
00000000
00010100
00000080
00000010
00010000
00010100
00000001
0201D040
0000002C
00000800
00000000
00000000
00000000
80000000
00000000
00000000
02000000
00000081
00000018
0201D044
00000001
00000000
00000000
00000000
0201D21C
00000002
00000001
0001D020
0000002C
00010000
00000000
00000000
01000000
820007FF
0000000F
00000000
02000000
00000081
00000018
0001D024
00000000
004C0000
00000000
00000000
0001D214
00000001
00000001
0001D000
0000002C
00000020
00000000
00000000
00000000
80000000
00000000
00000000
02000000
00000081
00000018
0001D004
00000002
00000980
00000000
00000003
0001D200
00000F00
00000F00
00000000
0001D204
80000000
00000001
0201D020
0000002C
00010000
00000000
00000000
01000000
820007FF
0000000F
00000000
02000000
00000081
00000018
0201D024
00000000
014C0000
00000000
00000000
0201D214
00000001
00000001
0201D000
0000002C
00000020
00000000
00000000
00000000
80000000
00000000
00000000
02000000
00000081
00000018
0201D004
00000002
00002980
00000000
00000003
0201D200
00000F00
00000F00
00000000
0201D204
80000000
00000080
00000010
00000000
00010100
00000080
00000010
00010000
00010100
00000001
0201D040
0000002C
00000800
00000000
00000000
00000000
80000000
00000000
00000000
02000000
00000081
00000018
0201D044
00000001
00000000
00000000
00000000
0201D21C
00000002
00000001
0001D020
0000002C
00010000
00000000
00000000
01000000
820007FF
0000000F
00000000
02000000
00000081
00000018
0001D024
00000000
00500000
00000000
00000000
0001D214
00000001
00000001
0001D000
0000002C
00000020
00000000
00000000
00000000
80000000
00000000
00000000
02000000
00000081
00000018
0001D004
00000002
00000A00
00000000
00000003
0001D200
00000F00
00000F00
00000000
0001D204
80000000
00000001
0201D020
0000002C
00010000
00000000
00000000
01000000
820007FF
0000000F
00000000
02000000
00000081
00000018
0201D024
00000000
01500000
00000000
00000000
0201D214
00000001
00000001
0201D000
0000002C
00000020
00000000
00000000
00000000
80000000
00000000
00000000
02000000
00000081
00000018
0201D004
00000002
00002A00
00000000
00000003
0201D200
00000F00
00000F00
00000000
0201D204
80000000
00000080
00000010
00000000
00010100
00000080
00000010
00010000
00010100
00000001
0201D040
0000002C
00000800
00000000
00000000
00000000
80000000
00000000
00000000
02000000
00000081
00000018
0201D044
00000001
00000000
00000000
00000000
0201D21C
00000002
00000001
0001D020
0000002C
00010000
00000000
00000000
01000000
820007FF
0000000F
00000000
02000000
00000081
00000018
0001D024
00000000
00540000
00000000
00000000
0001D214
00000001
00000001
0001D000
0000002C
00000020
00000000
00000000
00000000
80000000
00000000
00000000
02000000
00000081
00000018
0001D004
00000002
00000A80
00000000
00000003
0001D200
00000F00
00000F00
00000000
0001D204
80000000
00000001
0201D020
0000002C
00010000
00000000
00000000
01000000
820007FF
0000000F
00000000
02000000
00000081
00000018
0201D024
00000000
01540000
00000000
00000000
0201D214
00000001
00000001
0201D000
0000002C
00000020
00000000
00000000
00000000
80000000
00000000
00000000
02000000
00000081
00000018
0201D004
00000002
00002A80
00000000
00000003
0201D200
00000F00
00000F00
00000000
0201D204
80000000
00000080
00000010
00000000
00010100
00000080
00000010
00010000
00010100
00000001
0201D040
0000002C
00000800
00000000
00000000
00000000
80000000
00000000
00000000
02000000
00000081
00000018
0201D044
00000001
00000000
00000000
00000000
0201D21C
00000002
00000001
0001D020
0000002C
00010000
00000000
00000000
01000000
820007FF
0000000F
00000000
02000000
00000081
00000018
0001D024
00000000
00580000
00000000
00000000
0001D214
00000001
00000001
0001D000
0000002C
00000020
00000000
00000000
00000000
80000000
00000000
00000000
02000000
00000081
00000018
0001D004
00000002
00000B00
00000000
00000003
0001D200
00000F00
00000F00
00000000
0001D204
80000000
00000001
0201D020
0000002C
00010000
00000000
00000000
01000000
820007FF
0000000F
00000000
02000000
00000081
00000018
0201D024
00000000
01580000
00000000
00000000
0201D214
00000001
00000001
0201D000
0000002C
00000020
00000000
00000000
00000000
80000000
00000000
00000000
02000000
00000081
00000018
0201D004
00000002
00002B00
00000000
00000003
0201D200
00000F00
00000F00
00000000
0201D204
80000000
00000080
00000010
00000000
00010100
00000080
00000010
00010000
00010100
00000001
0201D040
0000002C
00000800
00000000
00000000
00000000
80000000
00000000
00000000
02000000
00000081
00000018
0201D044
00000001
00000000
00000000
00000000
0201D21C
00000002
00000001
0001D020
0000002C
00010000
00000000
00000000
01000000
820007FF
0000000F
00000000
02000000
00000081
00000018
0001D024
00000000
005C0000
00000000
00000000
0001D214
00000001
00000001
0001D000
0000002C
00000020
00000000
00000000
00000000
80000000
00000000
00000000
02000000
00000081
00000018
0001D004
00000002
00000B80
00000000
00000003
0001D200
00000F00
00000F00
00000000
0001D204
80000000
00000001
0201D020
0000002C
00010000
00000000
00000000
01000000
820007FF
0000000F
00000000
02000000
00000081
00000018
0201D024
00000000
015C0000
00000000
00000000
0201D214
00000001
00000001
0201D000
0000002C
00000020
00000000
00000000
00000000
80000000
00000000
00000000
02000000
00000081
00000018
0201D004
00000002
00002B80
00000000
00000003
0201D200
00000F00
00000F00
00000000
0201D204
80000000
00000080
00000010
00000000
00010100
00000080
00000010
00010000
00010100
00000001
0201D040
0000002C
00000800
00000000
00000000
00000000
80000000
00000000
00000000
02000000
00000081
00000018
0201D044
00000001
00000000
00000000
00000000
0201D21C
00000002
00000001
0001D020
0000002C
00010000
00000000
00000000
01000000
820007FF
0000000F
00000000
02000000
00000081
00000018
0001D024
00000000
00600000
00000000
00000000
0001D214
00000001
00000001
0001D000
0000002C
00000020
00000000
00000000
00000000
80000000
00000000
00000000
02000000
00000081
00000018
0001D004
00000002
00000C00
00000000
00000003
0001D200
00000F00
00000F00
00000000
0001D204
80000000
00000001
0201D020
0000002C
00010000
00000000
00000000
01000000
820007FF
0000000F
00000000
02000000
00000081
00000018
0201D024
00000000
01600000
00000000
00000000
0201D214
00000001
00000001
0201D000
0000002C
00000020
00000000
00000000
00000000
80000000
00000000
00000000
02000000
00000081
00000018
0201D004
00000002
00002C00
00000000
00000003
0201D200
00000F00
00000F00
00000000
0201D204
80000000
00000080
00000010
00000000
00010100
00000080
00000010
00010000
00010100
00000001
0201D040
0000002C
00000800
00000000
00000000
00000000
80000000
00000000
00000000
02000000
00000081
00000018
0201D044
00000001
00000000
00000000
00000000
0201D21C
00000002
00000001
0001D020
0000002C
00010000
00000000
00000000
01000000
820007FF
0000000F
00000000
02000000
00000081
00000018
0001D024
00000000
00640000
00000000
00000000
0001D214
00000001
00000001
0001D000
0000002C
00000020
00000000
00000000
00000000
80000000
00000000
00000000
02000000
00000081
00000018
0001D004
00000002
00000C80
00000000
00000003
0001D200
00000F00
00000F00
00000000
0001D204
80000000
00000001
0201D020
0000002C
00010000
00000000
00000000
01000000
820007FF
0000000F
00000000
02000000
00000081
00000018
0201D024
00000000
01640000
00000000
00000000
0201D214
00000001
00000001
0201D000
0000002C
00000020
00000000
00000000
00000000
80000000
00000000
00000000
02000000
00000081
00000018
0201D004
00000002
00002C80
00000000
00000003
0201D200
00000F00
00000F00
00000000
0201D204
80000000
00000080
00000010
00000000
00010100
00000080
00000010
00010000
00010100
00000001
0201D040
0000002C
00000800
00000000
00000000
00000000
80000000
00000000
00000000
02000000
00000081
00000018
0201D044
00000001
00000000
00000000
00000000
0201D21C
00000002
00000001
0001D020
0000002C
00010000
00000000
00000000
01000000
820007FF
0000000F
00000000
02000000
00000081
00000018
0001D024
00000000
00680000
00000000
00000000
0001D214
00000001
00000001
0001D000
0000002C
00000020
00000000
00000000
00000000
80000000
00000000
00000000
02000000
00000081
00000018
0001D004
00000002
00000D00
00000000
00000003
0001D200
00000F00
00000F00
00000000
0001D204
80000000
00000001
0201D020
0000002C
00010000
00000000
00000000
01000000
820007FF
0000000F
00000000
02000000
00000081
00000018
0201D024
00000000
01680000
00000000
00000000
0201D214
00000001
00000001
0201D000
0000002C
00000020
00000000
00000000
00000000
80000000
00000000
00000000
02000000
00000081
00000018
0201D004
00000002
00002D00
00000000
00000003
0201D200
00000F00
00000F00
00000000
0201D204
80000000
00000080
00000010
00000000
00010100
00000080
00000010
00010000
00010100
00000001
0201D040
0000002C
00000800
00000000
00000000
00000000
80000000
00000000
00000000
02000000
00000081
00000018
0201D044
00000001
00000000
00000000
00000000
0201D21C
00000002
00000001
0001D020
0000002C
00010000
00000000
00000000
01000000
820007FF
0000000F
00000000
02000000
00000081
00000018
0001D024
00000000
006C0000
00000000
00000000
0001D214
00000001
00000001
0001D000
0000002C
00000020
00000000
00000000
00000000
80000000
00000000
00000000
02000000
00000081
00000018
0001D004
00000002
00000D80
00000000
00000003
0001D200
00000F00
00000F00
00000000
0001D204
80000000
00000001
0201D020
0000002C
00010000
00000000
00000000
01000000
820007FF
0000000F
00000000
02000000
00000081
00000018
0201D024
00000000
016C0000
00000000
00000000
0201D214
00000001
00000001
0201D000
0000002C
00000020
00000000
00000000
00000000
80000000
00000000
00000000
02000000
00000081
00000018
0201D004
00000002
00002D80
00000000
00000003
0201D200
00000F00
00000F00
00000000
0201D204
80000000
00000080
00000010
00000000
00010100
00000080
00000010
00010000
00010100
00000001
0201D040
0000002C
00000800
00000000
00000000
00000000
80000000
00000000
00000000
02000000
00000081
00000018
0201D044
00000001
00000000
00000000
00000000
0201D21C
00000002
00000001
0001D020
0000002C
00010000
00000000
00000000
01000000
820007FF
0000000F
00000000
02000000
00000081
00000018
0001D024
00000000
00700000
00000000
00000000
0001D214
00000001
00000001
0001D000
0000002C
00000020
00000000
00000000
00000000
80000000
00000000
00000000
02000000
00000081
00000018
0001D004
00000002
00000E00
00000000
00000003
0001D200
00000F00
00000F00
00000000
0001D204
80000000
00000001
0201D020
0000002C
00010000
00000000
00000000
01000000
820007FF
0000000F
00000000
02000000
00000081
00000018
0201D024
00000000
01700000
00000000
00000000
0201D214
00000001
00000001
0201D000
0000002C
00000020
00000000
00000000
00000000
80000000
00000000
00000000
02000000
00000081
00000018
0201D004
00000002
00002E00
00000000
00000003
0201D200
00000F00
00000F00
00000000
0201D204
80000000
00000080
00000010
00000000
00010100
00000080
00000010
00010000
00010100
00000001
0201D040
0000002C
00000800
00000000
00000000
00000000
80000000
00000000
00000000
02000000
00000081
00000018
0201D044
00000001
00000000
00000000
00000000
0201D21C
00000002
00000001
0001D020
0000002C
00010000
00000000
00000000
01000000
820007FF
0000000F
00000000
02000000
00000081
00000018
0001D024
00000000
00740000
00000000
00000000
0001D214
00000001
00000001
0001D000
0000002C
00000020
00000000
00000000
00000000
80000000
00000000
00000000
02000000
00000081
00000018
0001D004
00000002
00000E80
00000000
00000003
0001D200
00000F00
00000F00
00000000
0001D204
80000000
00000001
0201D020
0000002C
00010000
00000000
00000000
01000000
820007FF
0000000F
00000000
02000000
00000081
00000018
0201D024
00000000
01740000
00000000
00000000
0201D214
00000001
00000001
0201D000
0000002C
00000020
00000000
00000000
00000000
80000000
00000000
00000000
02000000
00000081
00000018
0201D004
00000002
00002E80
00000000
00000003
0201D200
00000F00
00000F00
00000000
0201D204
80000000
00000080
00000010
00000000
00010100
00000080
00000010
00010000
00010100
00000001
0201D040
0000002C
00000800
00000000
00000000
00000000
80000000
00000000
00000000
02000000
00000081
00000018
0201D044
00000001
00000000
00000000
00000000
0201D21C
00000002
00000001
0001D020
0000002C
00010000
00000000
00000000
01000000
820007FF
0000000F
00000000
02000000
00000081
00000018
0001D024
00000000
00780000
00000000
00000000
0001D214
00000001
00000001
0001D000
0000002C
00000020
00000000
00000000
00000000
80000000
00000000
00000000
02000000
00000081
00000018
0001D004
00000002
00000F00
00000000
00000003
0001D200
00000F00
00000F00
00000000
0001D204
80000000
00000001
0201D020
0000002C
00010000
00000000
00000000
01000000
820007FF
0000000F
00000000
02000000
00000081
00000018
0201D024
00000000
01780000
00000000
00000000
0201D214
00000001
00000001
0201D000
0000002C
00000020
00000000
00000000
00000000
80000000
00000000
00000000
02000000
00000081
00000018
0201D004
00000002
00002F00
00000000
00000003
0201D200
00000F00
00000F00
00000000
0201D204
80000000
00000080
00000010
00000000
00010100
00000080
00000010
00010000
00010100
00000001
0201D040
0000002C
00000800
00000000
00000000
00000000
80000000
00000000
00000000
02000000
00000081
00000018
0201D044
00000001
00000000
00000000
00000000
0201D21C
00000002
00000001
0001D020
0000002C
00010000
00000000
00000000
01000000
820007FF
0000000F
00000000
02000000
00000081
00000018
0001D024
00000000
007C0000
00000000
00000000
0001D214
00000001
00000001
0001D000
0000002C
00000020
00000000
00000000
00000000
80000000
00000000
00000000
02000000
00000081
00000018
0001D004
00000002
00000F80
00000000
00000003
0001D200
00000F00
00000F00
00000000
0001D204
80000000
00000001
0201D020
0000002C
00010000
00000000
00000000
01000000
820007FF
0000000F
00000000
02000000
00000081
00000018
0201D024
00000000
017C0000
00000000
00000000
0201D214
00000001
00000001
0201D000
0000002C
00000020
00000000
00000000
00000000
80000000
00000000
00000000
02000000
00000081
00000018
0201D004
00000002
00002F80
00000000
00000003
0201D200
00000F00
00000F00
00000000
0201D204
80000000
00000080
00000010
00000000
00010100
00000080
00000010
00010000
00010100
00000001
0201D040
0000002C
00000800
00000000
00000000
00000000
80000000
00000000
00000000
02000000
00000081
00000018
0201D044
00000001
00000000
00000000
00000000
0201D21C
00000002
00000001
0001D020
0000002C
00010000
00000000
00000000
01000000
820007FF
0000000F
00000000
02000000
00000081
00000018
0001D024
00000000
00800000
00000000
00000000
0001D214
00000001
00000001
0001D000
0000002C
00000020
00000000
00000000
00000000
80000000
00000000
00000000
02000000
00000081
00000018
0001D004
00000002
00001000
00000000
00000003
0001D200
00000F00
00000F00
00000000
0001D204
80000000
00000001
0201D020
0000002C
00010000
00000000
00000000
01000000
820007FF
0000000F
00000000
02000000
00000081
00000018
0201D024
00000000
01800000
00000000
00000000
0201D214
00000001
00000001
0201D000
0000002C
00000020
00000000
00000000
00000000
80000000
00000000
00000000
02000000
00000081
00000018
0201D004
00000002
00003000
00000000
00000003
0201D200
00000F00
00000F00
00000000
0201D204
80000000
00000080
00000010
00000000
00010100
00000080
00000010
00010000
00010100
00000001
0201D040
0000002C
00000800
00000000
00000000
00000000
80000000
00000000
00000000
02000000
00000081
00000018
0201D044
00000001
00000000
00000000
00000000
0201D21C
00000002
00000001
0001D020
0000002C
00010000
00000000
00000000
01000000
820007FF
0000000F
00000000
02000000
00000081
00000018
0001D024
00000000
00840000
00000000
00000000
0001D214
00000001
00000001
0001D000
0000002C
00000020
00000000
00000000
00000000
80000000
00000000
00000000
02000000
00000081
00000018
0001D004
00000002
00001080
00000000
00000003
0001D200
00000F00
00000F00
00000000
0001D204
80000000
00000001
0201D020
0000002C
00010000
00000000
00000000
01000000
820007FF
0000000F
00000000
02000000
00000081
00000018
0201D024
00000000
01840000
00000000
00000000
0201D214
00000001
00000001
0201D000
0000002C
00000020
00000000
00000000
00000000
80000000
00000000
00000000
02000000
00000081
00000018
0201D004
00000002
00003080
00000000
00000003
0201D200
00000F00
00000F00
00000000
0201D204
80000000
00000080
00000010
00000000
00010100
00000080
00000010
00010000
00010100
00000001
0201D040
0000002C
00000800
00000000
00000000
00000000
80000000
00000000
00000000
02000000
00000081
00000018
0201D044
00000001
00000000
00000000
00000000
0201D21C
00000002
00000001
0001D020
0000002C
00010000
00000000
00000000
01000000
820007FF
0000000F
00000000
02000000
00000081
00000018
0001D024
00000000
00880000
00000000
00000000
0001D214
00000001
00000001
0001D000
0000002C
00000020
00000000
00000000
00000000
80000000
00000000
00000000
02000000
00000081
00000018
0001D004
00000002
00001100
00000000
00000003
0001D200
00000F00
00000F00
00000000
0001D204
80000000
00000001
0201D020
0000002C
00010000
00000000
00000000
01000000
820007FF
0000000F
00000000
02000000
00000081
00000018
0201D024
00000000
01880000
00000000
00000000
0201D214
00000001
00000001
0201D000
0000002C
00000020
00000000
00000000
00000000
80000000
00000000
00000000
02000000
00000081
00000018
0201D004
00000002
00003100
00000000
00000003
0201D200
00000F00
00000F00
00000000
0201D204
80000000
00000080
00000010
00000000
00010100
00000080
00000010
00010000
00010100
00000001
0201D040
0000002C
00000800
00000000
00000000
00000000
80000000
00000000
00000000
02000000
00000081
00000018
0201D044
00000001
00000000
00000000
00000000
0201D21C
00000002
00000001
0001D020
0000002C
00010000
00000000
00000000
01000000
820007FF
0000000F
00000000
02000000
00000081
00000018
0001D024
00000000
008C0000
00000000
00000000
0001D214
00000001
00000001
0001D000
0000002C
00000020
00000000
00000000
00000000
80000000
00000000
00000000
02000000
00000081
00000018
0001D004
00000002
00001180
00000000
00000003
0001D200
00000F00
00000F00
00000000
0001D204
80000000
00000001
0201D020
0000002C
00010000
00000000
00000000
01000000
820007FF
0000000F
00000000
02000000
00000081
00000018
0201D024
00000000
018C0000
00000000
00000000
0201D214
00000001
00000001
0201D000
0000002C
00000020
00000000
00000000
00000000
80000000
00000000
00000000
02000000
00000081
00000018
0201D004
00000002
00003180
00000000
00000003
0201D200
00000F00
00000F00
00000000
0201D204
80000000
00000080
00000010
00000000
00010100
00000080
00000010
00010000
00010100
00000001
0201D040
0000002C
00000800
00000000
00000000
00000000
80000000
00000000
00000000
02000000
00000081
00000018
0201D044
00000001
00000000
00000000
00000000
0201D21C
00000002
00000001
0001D020
0000002C
00010000
00000000
00000000
01000000
820007FF
0000000F
00000000
02000000
00000081
00000018
0001D024
00000000
00900000
00000000
00000000
0001D214
00000001
00000001
0001D000
0000002C
00000020
00000000
00000000
00000000
80000000
00000000
00000000
02000000
00000081
00000018
0001D004
00000002
00001200
00000000
00000003
0001D200
00000F00
00000F00
00000000
0001D204
80000000
00000001
0201D020
0000002C
00010000
00000000
00000000
01000000
820007FF
0000000F
00000000
02000000
00000081
00000018
0201D024
00000000
01900000
00000000
00000000
0201D214
00000001
00000001
0201D000
0000002C
00000020
00000000
00000000
00000000
80000000
00000000
00000000
02000000
00000081
00000018
0201D004
00000002
00003200
00000000
00000003
0201D200
00000F00
00000F00
00000000
0201D204
80000000
00000080
00000010
00000000
00010100
00000080
00000010
00010000
00010100
00000001
0201D040
0000002C
00000800
00000000
00000000
00000000
80000000
00000000
00000000
02000000
00000081
00000018
0201D044
00000001
00000000
00000000
00000000
0201D21C
00000002
00000001
0001D020
0000002C
00010000
00000000
00000000
01000000
820007FF
0000000F
00000000
02000000
00000081
00000018
0001D024
00000000
00940000
00000000
00000000
0001D214
00000001
00000001
0001D000
0000002C
00000020
00000000
00000000
00000000
80000000
00000000
00000000
02000000
00000081
00000018
0001D004
00000002
00001280
00000000
00000003
0001D200
00000F00
00000F00
00000000
0001D204
80000000
00000001
0201D020
0000002C
00010000
00000000
00000000
01000000
820007FF
0000000F
00000000
02000000
00000081
00000018
0201D024
00000000
01940000
00000000
00000000
0201D214
00000001
00000001
0201D000
0000002C
00000020
00000000
00000000
00000000
80000000
00000000
00000000
02000000
00000081
00000018
0201D004
00000002
00003280
00000000
00000003
0201D200
00000F00
00000F00
00000000
0201D204
80000000
00000080
00000010
00000000
00010100
00000080
00000010
00010000
00010100
00000001
0201D040
0000002C
00000800
00000000
00000000
00000000
80000000
00000000
00000000
02000000
00000081
00000018
0201D044
00000001
00000000
00000000
00000000
0201D21C
00000002
00000001
0001D020
0000002C
00010000
00000000
00000000
01000000
820007FF
0000000F
00000000
02000000
00000081
00000018
0001D024
00000000
00980000
00000000
00000000
0001D214
00000001
00000001
0001D000
0000002C
00000020
00000000
00000000
00000000
80000000
00000000
00000000
02000000
00000081
00000018
0001D004
00000002
00001300
00000000
00000003
0001D200
00000F00
00000F00
00000000
0001D204
80000000
00000001
0201D020
0000002C
00010000
00000000
00000000
01000000
820007FF
0000000F
00000000
02000000
00000081
00000018
0201D024
00000000
01980000
00000000
00000000
0201D214
00000001
00000001
0201D000
0000002C
00000020
00000000
00000000
00000000
80000000
00000000
00000000
02000000
00000081
00000018
0201D004
00000002
00003300
00000000
00000003
0201D200
00000F00
00000F00
00000000
0201D204
80000000
00000080
00000010
00000000
00010100
00000080
00000010
00010000
00010100
00000001
0201D040
0000002C
00000800
00000000
00000000
00000000
80000000
00000000
00000000
02000000
00000081
00000018
0201D044
00000001
00000000
00000000
00000000
0201D21C
00000002
00000001
0001D020
0000002C
00010000
00000000
00000000
01000000
820007FF
0000000F
00000000
02000000
00000081
00000018
0001D024
00000000
009C0000
00000000
00000000
0001D214
00000001
00000001
0001D000
0000002C
00000020
00000000
00000000
00000000
80000000
00000000
00000000
02000000
00000081
00000018
0001D004
00000002
00001380
00000000
00000003
0001D200
00000F00
00000F00
00000000
0001D204
80000000
00000001
0201D020
0000002C
00010000
00000000
00000000
01000000
820007FF
0000000F
00000000
02000000
00000081
00000018
0201D024
00000000
019C0000
00000000
00000000
0201D214
00000001
00000001
0201D000
0000002C
00000020
00000000
00000000
00000000
80000000
00000000
00000000
02000000
00000081
00000018
0201D004
00000002
00003380
00000000
00000003
0201D200
00000F00
00000F00
00000000
0201D204
80000000
00000080
00000010
00000000
00010100
00000080
00000010
00010000
00010100
00000001
0201D040
0000002C
00000800
00000000
00000000
00000000
80000000
00000000
00000000
02000000
00000081
00000018
0201D044
00000001
00000000
00000000
00000000
0201D21C
00000002
00000001
0001D020
0000002C
00010000
00000000
00000000
01000000
820007FF
0000000F
00000000
02000000
00000081
00000018
0001D024
00000000
00A00000
00000000
00000000
0001D214
00000001
00000001
0001D000
0000002C
00000020
00000000
00000000
00000000
80000000
00000000
00000000
02000000
00000081
00000018
0001D004
00000002
00001400
00000000
00000003
0001D200
00000F00
00000F00
00000000
0001D204
80000000
00000001
0201D020
0000002C
00010000
00000000
00000000
01000000
820007FF
0000000F
00000000
02000000
00000081
00000018
0201D024
00000000
01A00000
00000000
00000000
0201D214
00000001
00000001
0201D000
0000002C
00000020
00000000
00000000
00000000
80000000
00000000
00000000
02000000
00000081
00000018
0201D004
00000002
00003400
00000000
00000003
0201D200
00000F00
00000F00
00000000
0201D204
80000000
00000080
00000010
00000000
00010100
00000080
00000010
00010000
00010100
00000001
0201D040
0000002C
00000800
00000000
00000000
00000000
80000000
00000000
00000000
02000000
00000081
00000018
0201D044
00000001
00000000
00000000
00000000
0201D21C
00000002
00000001
0001D020
0000002C
00010000
00000000
00000000
01000000
820007FF
0000000F
00000000
02000000
00000081
00000018
0001D024
00000000
00A40000
00000000
00000000
0001D214
00000001
00000001
0001D000
0000002C
00000020
00000000
00000000
00000000
80000000
00000000
00000000
02000000
00000081
00000018
0001D004
00000002
00001480
00000000
00000003
0001D200
00000F00
00000F00
00000000
0001D204
80000000
00000001
0201D020
0000002C
00010000
00000000
00000000
01000000
820007FF
0000000F
00000000
02000000
00000081
00000018
0201D024
00000000
01A40000
00000000
00000000
0201D214
00000001
00000001
0201D000
0000002C
00000020
00000000
00000000
00000000
80000000
00000000
00000000
02000000
00000081
00000018
0201D004
00000002
00003480
00000000
00000003
0201D200
00000F00
00000F00
00000000
0201D204
80000000
00000080
00000010
00000000
00010100
00000080
00000010
00010000
00010100
00000001
0201D040
0000002C
00000800
00000000
00000000
00000000
80000000
00000000
00000000
02000000
00000081
00000018
0201D044
00000001
00000000
00000000
00000000
0201D21C
00000002
00000001
0001D020
0000002C
00010000
00000000
00000000
01000000
820007FF
0000000F
00000000
02000000
00000081
00000018
0001D024
00000000
00A80000
00000000
00000000
0001D214
00000001
00000001
0001D000
0000002C
00000020
00000000
00000000
00000000
80000000
00000000
00000000
02000000
00000081
00000018
0001D004
00000002
00001500
00000000
00000003
0001D200
00000F00
00000F00
00000000
0001D204
80000000
00000001
0201D020
0000002C
00010000
00000000
00000000
01000000
820007FF
0000000F
00000000
02000000
00000081
00000018
0201D024
00000000
01A80000
00000000
00000000
0201D214
00000001
00000001
0201D000
0000002C
00000020
00000000
00000000
00000000
80000000
00000000
00000000
02000000
00000081
00000018
0201D004
00000002
00003500
00000000
00000003
0201D200
00000F00
00000F00
00000000
0201D204
80000000
00000080
00000010
00000000
00010100
00000080
00000010
00010000
00010100
00000001
0201D040
0000002C
00000800
00000000
00000000
00000000
80000000
00000000
00000000
02000000
00000081
00000018
0201D044
00000001
00000000
00000000
00000000
0201D21C
00000002
00000001
0001D020
0000002C
00010000
00000000
00000000
01000000
820007FF
0000000F
00000000
02000000
00000081
00000018
0001D024
00000000
00AC0000
00000000
00000000
0001D214
00000001
00000001
0001D000
0000002C
00000020
00000000
00000000
00000000
80000000
00000000
00000000
02000000
00000081
00000018
0001D004
00000002
00001580
00000000
00000003
0001D200
00000F00
00000F00
00000000
0001D204
80000000
00000001
0201D020
0000002C
00010000
00000000
00000000
01000000
820007FF
0000000F
00000000
02000000
00000081
00000018
0201D024
00000000
01AC0000
00000000
00000000
0201D214
00000001
00000001
0201D000
0000002C
00000020
00000000
00000000
00000000
80000000
00000000
00000000
02000000
00000081
00000018
0201D004
00000002
00003580
00000000
00000003
0201D200
00000F00
00000F00
00000000
0201D204
80000000
00000080
00000010
00000000
00010100
00000080
00000010
00010000
00010100
00000001
0201D040
0000002C
00000800
00000000
00000000
00000000
80000000
00000000
00000000
02000000
00000081
00000018
0201D044
00000001
00000000
00000000
00000000
0201D21C
00000002
00000001
0001D020
0000002C
00010000
00000000
00000000
01000000
820007FF
0000000F
00000000
02000000
00000081
00000018
0001D024
00000000
00B00000
00000000
00000000
0001D214
00000001
00000001
0001D000
0000002C
00000020
00000000
00000000
00000000
80000000
00000000
00000000
02000000
00000081
00000018
0001D004
00000002
00001600
00000000
00000003
0001D200
00000F00
00000F00
00000000
0001D204
80000000
00000001
0201D020
0000002C
00010000
00000000
00000000
01000000
820007FF
0000000F
00000000
02000000
00000081
00000018
0201D024
00000000
01B00000
00000000
00000000
0201D214
00000001
00000001
0201D000
0000002C
00000020
00000000
00000000
00000000
80000000
00000000
00000000
02000000
00000081
00000018
0201D004
00000002
00003600
00000000
00000003
0201D200
00000F00
00000F00
00000000
0201D204
80000000
00000080
00000010
00000000
00010100
00000080
00000010
00010000
00010100
00000001
0201D040
0000002C
00000800
00000000
00000000
00000000
80000000
00000000
00000000
02000000
00000081
00000018
0201D044
00000001
00000000
00000000
00000000
0201D21C
00000002
00000001
0001D020
0000002C
00010000
00000000
00000000
01000000
820007FF
0000000F
00000000
02000000
00000081
00000018
0001D024
00000000
00B40000
00000000
00000000
0001D214
00000001
00000001
0001D000
0000002C
00000020
00000000
00000000
00000000
80000000
00000000
00000000
02000000
00000081
00000018
0001D004
00000002
00001680
00000000
00000003
0001D200
00000F00
00000F00
00000000
0001D204
80000000
00000001
0201D020
0000002C
00010000
00000000
00000000
01000000
820007FF
0000000F
00000000
02000000
00000081
00000018
0201D024
00000000
01B40000
00000000
00000000
0201D214
00000001
00000001
0201D000
0000002C
00000020
00000000
00000000
00000000
80000000
00000000
00000000
02000000
00000081
00000018
0201D004
00000002
00003680
00000000
00000003
0201D200
00000F00
00000F00
00000000
0201D204
80000000
00000080
00000010
00000000
00010100
00000080
00000010
00010000
00010100
00000001
0201D040
0000002C
00000800
00000000
00000000
00000000
80000000
00000000
00000000
02000000
00000081
00000018
0201D044
00000001
00000000
00000000
00000000
0201D21C
00000002
00000001
0001D020
0000002C
00010000
00000000
00000000
01000000
820007FF
0000000F
00000000
02000000
00000081
00000018
0001D024
00000000
00B80000
00000000
00000000
0001D214
00000001
00000001
0001D000
0000002C
00000020
00000000
00000000
00000000
80000000
00000000
00000000
02000000
00000081
00000018
0001D004
00000002
00001700
00000000
00000003
0001D200
00000F00
00000F00
00000000
0001D204
80000000
00000001
0201D020
0000002C
00010000
00000000
00000000
01000000
820007FF
0000000F
00000000
02000000
00000081
00000018
0201D024
00000000
01B80000
00000000
00000000
0201D214
00000001
00000001
0201D000
0000002C
00000020
00000000
00000000
00000000
80000000
00000000
00000000
02000000
00000081
00000018
0201D004
00000002
00003700
00000000
00000003
0201D200
00000F00
00000F00
00000000
0201D204
80000000
00000080
00000010
00000000
00010100
00000080
00000010
00010000
00010100
00000001
0201D040
0000002C
00000800
00000000
00000000
00000000
80000000
00000000
00000000
02000000
00000081
00000018
0201D044
00000001
00000000
00000000
00000000
0201D21C
00000002
00000001
0001D020
0000002C
00010000
00000000
00000000
01000000
820007FF
0000000F
00000000
02000000
00000081
00000018
0001D024
00000000
00BC0000
00000000
00000000
0001D214
00000001
00000001
0001D000
0000002C
00000020
00000000
00000000
00000000
80000000
00000000
00000000
02000000
00000081
00000018
0001D004
00000002
00001780
00000000
00000003
0001D200
00000F00
00000F00
00000000
0001D204
80000000
00000001
0201D020
0000002C
00010000
00000000
00000000
01000000
820007FF
0000000F
00000000
02000000
00000081
00000018
0201D024
00000000
01BC0000
00000000
00000000
0201D214
00000001
00000001
0201D000
0000002C
00000020
00000000
00000000
00000000
80000000
00000000
00000000
02000000
00000081
00000018
0201D004
00000002
00003780
00000000
00000003
0201D200
00000F00
00000F00
00000000
0201D204
80000000
00000080
00000010
00000000
00010100
00000080
00000010
00010000
00010100
00000001
0201D040
0000002C
00000800
00000000
00000000
00000000
80000000
00000000
00000000
02000000
00000081
00000018
0201D044
00000001
00000000
00000000
00000000
0201D21C
00000002
00000001
0001D020
0000002C
00010000
00000000
00000000
01000000
820007FF
0000000F
00000000
02000000
00000081
00000018
0001D024
00000000
00C00000
00000000
00000000
0001D214
00000001
00000001
0001D000
0000002C
00000020
00000000
00000000
00000000
80000000
00000000
00000000
02000000
00000081
00000018
0001D004
00000002
00001800
00000000
00000003
0001D200
00000F00
00000F00
00000000
0001D204
80000000
00000001
0201D020
0000002C
00010000
00000000
00000000
01000000
820007FF
0000000F
00000000
02000000
00000081
00000018
0201D024
00000000
01C00000
00000000
00000000
0201D214
00000001
00000001
0201D000
0000002C
00000020
00000000
00000000
00000000
80000000
00000000
00000000
02000000
00000081
00000018
0201D004
00000002
00003800
00000000
00000003
0201D200
00000F00
00000F00
00000000
0201D204
80000000
00000080
00000010
00000000
00010100
00000080
00000010
00010000
00010100
00000001
0201D040
0000002C
00000800
00000000
00000000
00000000
80000000
00000000
00000000
02000000
00000081
00000018
0201D044
00000001
00000000
00000000
00000000
0201D21C
00000002
00000001
0001D020
0000002C
00010000
00000000
00000000
01000000
820007FF
0000000F
00000000
02000000
00000081
00000018
0001D024
00000000
00C40000
00000000
00000000
0001D214
00000001
00000001
0001D000
0000002C
00000020
00000000
00000000
00000000
80000000
00000000
00000000
02000000
00000081
00000018
0001D004
00000002
00001880
00000000
00000003
0001D200
00000F00
00000F00
00000000
0001D204
80000000
00000001
0201D020
0000002C
00010000
00000000
00000000
01000000
820007FF
0000000F
00000000
02000000
00000081
00000018
0201D024
00000000
01C40000
00000000
00000000
0201D214
00000001
00000001
0201D000
0000002C
00000020
00000000
00000000
00000000
80000000
00000000
00000000
02000000
00000081
00000018
0201D004
00000002
00003880
00000000
00000003
0201D200
00000F00
00000F00
00000000
0201D204
80000000
00000080
00000010
00000000
00010100
00000080
00000010
00010000
00010100
00000001
0201D040
0000002C
00000800
00000000
00000000
00000000
80000000
00000000
00000000
02000000
00000081
00000018
0201D044
00000001
00000000
00000000
00000000
0201D21C
00000002
00000001
0001D020
0000002C
00010000
00000000
00000000
01000000
820007FF
0000000F
00000000
02000000
00000081
00000018
0001D024
00000000
00C80000
00000000
00000000
0001D214
00000001
00000001
0001D000
0000002C
00000020
00000000
00000000
00000000
80000000
00000000
00000000
02000000
00000081
00000018
0001D004
00000002
00001900
00000000
00000003
0001D200
00000F00
00000F00
00000000
0001D204
80000000
00000001
0201D020
0000002C
00010000
00000000
00000000
01000000
820007FF
0000000F
00000000
02000000
00000081
00000018
0201D024
00000000
01C80000
00000000
00000000
0201D214
00000001
00000001
0201D000
0000002C
00000020
00000000
00000000
00000000
80000000
00000000
00000000
02000000
00000081
00000018
0201D004
00000002
00003900
00000000
00000003
0201D200
00000F00
00000F00
00000000
0201D204
80000000
00000080
00000010
00000000
00010100
00000080
00000010
00010000
00010100
00000001
0201D040
0000002C
00000800
00000000
00000000
00000000
80000000
00000000
00000000
02000000
00000081
00000018
0201D044
00000001
00000000
00000000
00000000
0201D21C
00000002
00000001
0001D020
0000002C
00010000
00000000
00000000
01000000
820007FF
0000000F
00000000
02000000
00000081
00000018
0001D024
00000000
00CC0000
00000000
00000000
0001D214
00000001
00000001
0001D000
0000002C
00000020
00000000
00000000
00000000
80000000
00000000
00000000
02000000
00000081
00000018
0001D004
00000002
00001980
00000000
00000003
0001D200
00000F00
00000F00
00000000
0001D204
80000000
00000001
0201D020
0000002C
00010000
00000000
00000000
01000000
820007FF
0000000F
00000000
02000000
00000081
00000018
0201D024
00000000
01CC0000
00000000
00000000
0201D214
00000001
00000001
0201D000
0000002C
00000020
00000000
00000000
00000000
80000000
00000000
00000000
02000000
00000081
00000018
0201D004
00000002
00003980
00000000
00000003
0201D200
00000F00
00000F00
00000000
0201D204
80000000
00000080
00000010
00000000
00010100
00000080
00000010
00010000
00010100
00000001
0201D040
0000002C
00000800
00000000
00000000
00000000
80000000
00000000
00000000
02000000
00000081
00000018
0201D044
00000001
00000000
00000000
00000000
0201D21C
00000002
00000001
0001D020
0000002C
00010000
00000000
00000000
01000000
820007FF
0000000F
00000000
02000000
00000081
00000018
0001D024
00000000
00D00000
00000000
00000000
0001D214
00000001
00000001
0001D000
0000002C
00000020
00000000
00000000
00000000
80000000
00000000
00000000
02000000
00000081
00000018
0001D004
00000002
00001A00
00000000
00000003
0001D200
00000F00
00000F00
00000000
0001D204
80000000
00000001
0201D020
0000002C
00010000
00000000
00000000
01000000
820007FF
0000000F
00000000
02000000
00000081
00000018
0201D024
00000000
01D00000
00000000
00000000
0201D214
00000001
00000001
0201D000
0000002C
00000020
00000000
00000000
00000000
80000000
00000000
00000000
02000000
00000081
00000018
0201D004
00000002
00003A00
00000000
00000003
0201D200
00000F00
00000F00
00000000
0201D204
80000000
00000080
00000010
00000000
00010100
00000080
00000010
00010000
00010100
00000001
0201D040
0000002C
00000800
00000000
00000000
00000000
80000000
00000000
00000000
02000000
00000081
00000018
0201D044
00000001
00000000
00000000
00000000
0201D21C
00000002
00000001
0001D020
0000002C
00010000
00000000
00000000
01000000
820007FF
0000000F
00000000
02000000
00000081
00000018
0001D024
00000000
00D40000
00000000
00000000
0001D214
00000001
00000001
0001D000
0000002C
00000020
00000000
00000000
00000000
80000000
00000000
00000000
02000000
00000081
00000018
0001D004
00000002
00001A80
00000000
00000003
0001D200
00000F00
00000F00
00000000
0001D204
80000000
00000001
0201D020
0000002C
00010000
00000000
00000000
01000000
820007FF
0000000F
00000000
02000000
00000081
00000018
0201D024
00000000
01D40000
00000000
00000000
0201D214
00000001
00000001
0201D000
0000002C
00000020
00000000
00000000
00000000
80000000
00000000
00000000
02000000
00000081
00000018
0201D004
00000002
00003A80
00000000
00000003
0201D200
00000F00
00000F00
00000000
0201D204
80000000
00000080
00000010
00000000
00010100
00000080
00000010
00010000
00010100
00000001
0201D040
0000002C
00000800
00000000
00000000
00000000
80000000
00000000
00000000
02000000
00000081
00000018
0201D044
00000001
00000000
00000000
00000000
0201D21C
00000002
00000001
0001D020
0000002C
00010000
00000000
00000000
01000000
820007FF
0000000F
00000000
02000000
00000081
00000018
0001D024
00000000
00D80000
00000000
00000000
0001D214
00000001
00000001
0001D000
0000002C
00000020
00000000
00000000
00000000
80000000
00000000
00000000
02000000
00000081
00000018
0001D004
00000002
00001B00
00000000
00000003
0001D200
00000F00
00000F00
00000000
0001D204
80000000
00000001
0201D020
0000002C
00010000
00000000
00000000
01000000
820007FF
0000000F
00000000
02000000
00000081
00000018
0201D024
00000000
01D80000
00000000
00000000
0201D214
00000001
00000001
0201D000
0000002C
00000020
00000000
00000000
00000000
80000000
00000000
00000000
02000000
00000081
00000018
0201D004
00000002
00003B00
00000000
00000003
0201D200
00000F00
00000F00
00000000
0201D204
80000000
00000080
00000010
00000000
00010100
00000080
00000010
00010000
00010100
00000001
0201D040
0000002C
00000800
00000000
00000000
00000000
80000000
00000000
00000000
02000000
00000081
00000018
0201D044
00000001
00000000
00000000
00000000
0201D21C
00000002
00000001
0001D020
0000002C
00010000
00000000
00000000
01000000
820007FF
0000000F
00000000
02000000
00000081
00000018
0001D024
00000000
00DC0000
00000000
00000000
0001D214
00000001
00000001
0001D000
0000002C
00000020
00000000
00000000
00000000
80000000
00000000
00000000
02000000
00000081
00000018
0001D004
00000002
00001B80
00000000
00000003
0001D200
00000F00
00000F00
00000000
0001D204
80000000
00000001
0201D020
0000002C
00010000
00000000
00000000
01000000
820007FF
0000000F
00000000
02000000
00000081
00000018
0201D024
00000000
01DC0000
00000000
00000000
0201D214
00000001
00000001
0201D000
0000002C
00000020
00000000
00000000
00000000
80000000
00000000
00000000
02000000
00000081
00000018
0201D004
00000002
00003B80
00000000
00000003
0201D200
00000F00
00000F00
00000000
0201D204
80000000
00000080
00000010
00000000
00010100
00000080
00000010
00010000
00010100
00000001
0201D040
0000002C
00000800
00000000
00000000
00000000
80000000
00000000
00000000
02000000
00000081
00000018
0201D044
00000001
00000000
00000000
00000000
0201D21C
00000002
00000001
0001D020
0000002C
00010000
00000000
00000000
01000000
820007FF
0000000F
00000000
02000000
00000081
00000018
0001D024
00000000
00E00000
00000000
00000000
0001D214
00000001
00000001
0001D000
0000002C
00000020
00000000
00000000
00000000
80000000
00000000
00000000
02000000
00000081
00000018
0001D004
00000002
00001C00
00000000
00000003
0001D200
00000F00
00000F00
00000000
0001D204
80000000
00000001
0201D020
0000002C
00010000
00000000
00000000
01000000
820007FF
0000000F
00000000
02000000
00000081
00000018
0201D024
00000000
01E00000
00000000
00000000
0201D214
00000001
00000001
0201D000
0000002C
00000020
00000000
00000000
00000000
80000000
00000000
00000000
02000000
00000081
00000018
0201D004
00000002
00003C00
00000000
00000003
0201D200
00000F00
00000F00
00000000
0201D204
80000000
00000080
00000010
00000000
00010100
00000080
00000010
00010000
00010100
00000001
0201D040
0000002C
00000800
00000000
00000000
00000000
80000000
00000000
00000000
02000000
00000081
00000018
0201D044
00000001
00000000
00000000
00000000
0201D21C
00000002
00000001
0001D020
0000002C
00010000
00000000
00000000
01000000
820007FF
0000000F
00000000
02000000
00000081
00000018
0001D024
00000000
00E40000
00000000
00000000
0001D214
00000001
00000001
0001D000
0000002C
00000020
00000000
00000000
00000000
80000000
00000000
00000000
02000000
00000081
00000018
0001D004
00000002
00001C80
00000000
00000003
0001D200
00000F00
00000F00
00000000
0001D204
80000000
00000001
0201D020
0000002C
00010000
00000000
00000000
01000000
820007FF
0000000F
00000000
02000000
00000081
00000018
0201D024
00000000
01E40000
00000000
00000000
0201D214
00000001
00000001
0201D000
0000002C
00000020
00000000
00000000
00000000
80000000
00000000
00000000
02000000
00000081
00000018
0201D004
00000002
00003C80
00000000
00000003
0201D200
00000F00
00000F00
00000000
0201D204
80000000
00000080
00000010
00000000
00010100
00000080
00000010
00010000
00010100
00000001
0201D040
0000002C
00000800
00000000
00000000
00000000
80000000
00000000
00000000
02000000
00000081
00000018
0201D044
00000001
00000000
00000000
00000000
0201D21C
00000002
00000001
0001D020
0000002C
00010000
00000000
00000000
01000000
820007FF
0000000F
00000000
02000000
00000081
00000018
0001D024
00000000
00E80000
00000000
00000000
0001D214
00000001
00000001
0001D000
0000002C
00000020
00000000
00000000
00000000
80000000
00000000
00000000
02000000
00000081
00000018
0001D004
00000002
00001D00
00000000
00000003
0001D200
00000F00
00000F00
00000000
0001D204
80000000
00000001
0201D020
0000002C
00010000
00000000
00000000
01000000
820007FF
0000000F
00000000
02000000
00000081
00000018
0201D024
00000000
01E80000
00000000
00000000
0201D214
00000001
00000001
0201D000
0000002C
00000020
00000000
00000000
00000000
80000000
00000000
00000000
02000000
00000081
00000018
0201D004
00000002
00003D00
00000000
00000003
0201D200
00000F00
00000F00
00000000
0201D204
80000000
00000080
00000010
00000000
00010100
00000080
00000010
00010000
00010100
00000001
0201D040
0000002C
00000800
00000000
00000000
00000000
80000000
00000000
00000000
02000000
00000081
00000018
0201D044
00000001
00000000
00000000
00000000
0201D21C
00000002
00000001
0001D020
0000002C
00010000
00000000
00000000
01000000
820007FF
0000000F
00000000
02000000
00000081
00000018
0001D024
00000000
00EC0000
00000000
00000000
0001D214
00000001
00000001
0001D000
0000002C
00000020
00000000
00000000
00000000
80000000
00000000
00000000
02000000
00000081
00000018
0001D004
00000002
00001D80
00000000
00000003
0001D200
00000F00
00000F00
00000000
0001D204
80000000
00000001
0201D020
0000002C
00010000
00000000
00000000
01000000
820007FF
0000000F
00000000
02000000
00000081
00000018
0201D024
00000000
01EC0000
00000000
00000000
0201D214
00000001
00000001
0201D000
0000002C
00000020
00000000
00000000
00000000
80000000
00000000
00000000
02000000
00000081
00000018
0201D004
00000002
00003D80
00000000
00000003
0201D200
00000F00
00000F00
00000000
0201D204
80000000
00000080
00000010
00000000
00010100
00000080
00000010
00010000
00010100
00000001
0201D040
0000002C
00000800
00000000
00000000
00000000
80000000
00000000
00000000
02000000
00000081
00000018
0201D044
00000001
00000000
00000000
00000000
0201D21C
00000002
00000001
0001D020
0000002C
00010000
00000000
00000000
01000000
820007FF
0000000F
00000000
02000000
00000081
00000018
0001D024
00000000
00F00000
00000000
00000000
0001D214
00000001
00000001
0001D000
0000002C
00000020
00000000
00000000
00000000
80000000
00000000
00000000
02000000
00000081
00000018
0001D004
00000002
00001E00
00000000
00000003
0001D200
00000F00
00000F00
00000000
0001D204
80000000
00000001
0201D020
0000002C
00010000
00000000
00000000
01000000
820007FF
0000000F
00000000
02000000
00000081
00000018
0201D024
00000000
01F00000
00000000
00000000
0201D214
00000001
00000001
0201D000
0000002C
00000020
00000000
00000000
00000000
80000000
00000000
00000000
02000000
00000081
00000018
0201D004
00000002
00003E00
00000000
00000003
0201D200
00000F00
00000F00
00000000
0201D204
80000000
00000080
00000010
00000000
00010100
00000080
00000010
00010000
00010100
00000001
0201D040
0000002C
00000800
00000000
00000000
00000000
80000000
00000000
00000000
02000000
00000081
00000018
0201D044
00000001
00000000
00000000
00000000
0201D21C
00000002
00000001
0001D020
0000002C
00010000
00000000
00000000
01000000
820007FF
0000000F
00000000
02000000
00000081
00000018
0001D024
00000000
00F40000
00000000
00000000
0001D214
00000001
00000001
0001D000
0000002C
00000020
00000000
00000000
00000000
80000000
00000000
00000000
02000000
00000081
00000018
0001D004
00000002
00001E80
00000000
00000003
0001D200
00000F00
00000F00
00000000
0001D204
80000000
00000001
0201D020
0000002C
00010000
00000000
00000000
01000000
820007FF
0000000F
00000000
02000000
00000081
00000018
0201D024
00000000
01F40000
00000000
00000000
0201D214
00000001
00000001
0201D000
0000002C
00000020
00000000
00000000
00000000
80000000
00000000
00000000
02000000
00000081
00000018
0201D004
00000002
00003E80
00000000
00000003
0201D200
00000F00
00000F00
00000000
0201D204
80000000
00000080
00000010
00000000
00010100
00000080
00000010
00010000
00010100
00000001
0201D040
0000002C
00000800
00000000
00000000
00000000
80000000
00000000
00000000
02000000
00000081
00000018
0201D044
00000001
00000000
00000000
00000000
0201D21C
00000002
00000001
0001D020
0000002C
00010000
00000000
00000000
01000000
820007FF
0000000F
00000000
02000000
00000081
00000018
0001D024
00000000
00F80000
00000000
00000000
0001D214
00000001
00000001
0001D000
0000002C
00000020
00000000
00000000
00000000
80000000
00000000
00000000
02000000
00000081
00000018
0001D004
00000002
00001F00
00000000
00000003
0001D200
00000F00
00000F00
00000000
0001D204
80000000
00000001
0201D020
0000002C
00010000
00000000
00000000
01000000
820007FF
0000000F
00000000
02000000
00000081
00000018
0201D024
00000000
01F80000
00000000
00000000
0201D214
00000001
00000001
0201D000
0000002C
00000020
00000000
00000000
00000000
80000000
00000000
00000000
02000000
00000081
00000018
0201D004
00000002
00003F00
00000000
00000003
0201D200
00000F00
00000F00
00000000
0201D204
80000000
00000080
00000010
00000000
00010100
00000080
00000010
00010000
00010100
00000001
0201D040
0000002C
00000800
00000000
00000000
00000000
80000000
00000000
00000000
02000000
00000081
00000018
0201D044
00000001
00000000
00000000
00000000
0201D21C
00000002
00000001
0001D020
0000002C
00010000
00000000
00000000
01000000
820007FF
0000000F
00000000
02000000
00000081
00000018
0001D024
00000000
00FC0000
00000000
00000000
0001D214
00000001
00000001
0001D000
0000002C
00000020
00000000
00000000
00000000
80000000
00000000
00000000
02000000
00000081
00000018
0001D004
00000002
00001F80
00000000
00000003
0001D200
00000F00
00000F00
00000000
0001D204
80000000
00000001
0201D020
0000002C
00010000
00000000
00000000
01000000
820007FF
0000000F
00000000
02000000
00000081
00000018
0201D024
00000000
01FC0000
00000000
00000000
0201D214
00000001
00000001
0201D000
0000002C
00000020
00000000
00000000
00000000
80000000
00000000
00000000
02000000
00000081
00000018
0201D004
00000002
00003F80
00000000
00000003
0201D200
00000F00
00000F00
00000000
0201D204
80000000
00000080
00000010
00000000
00010100
00000080
00000010
00010000
00010100
