06030001
00000104
00000069
00000A00
00000001
0201D040
0000002C
00000800
00000000
00000000
00000000
80000000
00000000
00000000
02000000
00000081
00000018
0201D044
00000001
00000000
00000000
00000000
0201D21C
000F0002
00000001
0001D020
0000002C
00010000
00000000
00000000
01000000
820007FF
0000000F
00F0FFFF
02000000
00000081
00000018
0001D024
00000000
00000000
00000000
00000000
0001D214
000F0001
00000001
0001D000
0000002C
00000200
00000000
00000000
00000000
80000000
00000000
00000000
02000000
00000081
00000018
0001D004
00000002
00000000
00000000
00000003
0001D200
00000F00
00000F00
00000000
0001D204
80000000
00000001
0201D020
0000002C
00010000
00000000
00000000
01000000
820007FF
0000000F
00F0FFFF
02000000
00000081
00000018
0201D024
00000000
00FC0000
00000000
00000000
0201D214
000F0001
00000001
0201D000
0000002C
00000200
00000000
00000000
00000000
80000000
00000000
00000000
02000000
00000081
00000018
0201D004
00000002
00001F80
00000000
00000003
0201D200
00000F00
00000F00
00000000
0201D204
80000000
00000001
0401D020
0000002C
00010000
00000000
00000000
01000000
820007FF
0000000F
00F0FFFF
02000000
00000081
00000018
0401D024
00000000
01F80000
00000000
00000000
0401D214
000F0001
00000001
0401D000
0000002C
00000200
00000000
00000000
00000000
80000000
00000000
00000000
02000000
00000081
00000018
0401D004
00000002
00003F00
00000000
00000003
0401D200
00000F00
00000F00
00000000
0401D204
80000000
00000001
0601D020
0000002C
00010000
00000000
00000000
01000000
820007FF
0000000F
00F0FFFF
02000000
00000081
00000018
0601D024
00000000
02F40000
00000000
00000000
0601D214
000F0001
00000001
0601D000
0000002C
00000200
00000000
00000000
00000000
80000000
00000000
00000000
02000000
00000081
00000018
0601D004
00000002
00005E80
00000000
00000003
0601D200
00000F00
00000F00
00000000
0601D204
80000000
00000080
00000010
00000000
00010100
00000080
00000010
00010000
00010100
00000080
00000010
00020000
00010100
00000080
00000010
00030000
00010100
00000001
0201D040
0000002C
00000800
00000000
00000000
00000000
80000000
00000000
00000000
02000000
00000081
00000018
0201D044
00000001
00000000
00000000
00000000
0201D21C
000F0002
00000001
0001D020
0000002C
00010000
00000000
00000000
01000000
820007FF
0000000F
00F0FFFF
02000000
00000081
00000018
0001D024
00000000
00400000
00000000
00000000
0001D214
000F0001
00000001
0001D000
0000002C
00000200
00000000
00000000
00000000
80000000
00000000
00000000
02000000
00000081
00000018
0001D004
00000002
00000800
00000000
00000003
0001D200
00000F00
00000F00
00000000
0001D204
80000000
00000001
0201D020
0000002C
00010000
00000000
00000000
01000000
820007FF
0000000F
00F0FFFF
02000000
00000081
00000018
0201D024
00000000
013C0000
00000000
00000000
0201D214
000F0001
00000001
0201D000
0000002C
00000200
00000000
00000000
00000000
80000000
00000000
00000000
02000000
00000081
00000018
0201D004
00000002
00002780
00000000
00000003
0201D200
00000F00
00000F00
00000000
0201D204
80000000
00000001
0401D020
0000002C
00010000
00000000
00000000
01000000
820007FF
0000000F
00F0FFFF
02000000
00000081
00000018
0401D024
00000000
02380000
00000000
00000000
0401D214
000F0001
00000001
0401D000
0000002C
00000200
00000000
00000000
00000000
80000000
00000000
00000000
02000000
00000081
00000018
0401D004
00000002
00004700
00000000
00000003
0401D200
00000F00
00000F00
00000000
0401D204
80000000
00000001
0601D020
0000002C
00010000
00000000
00000000
01000000
820007FF
0000000F
00F0FFFF
02000000
00000081
00000018
0601D024
00000000
03340000
00000000
00000000
0601D214
000F0001
00000001
0601D000
0000002C
00000200
00000000
00000000
00000000
80000000
00000000
00000000
02000000
00000081
00000018
0601D004
00000002
00006680
00000000
00000003
0601D200
00000F00
00000F00
00000000
0601D204
80000000
00000080
00000010
00000000
00010100
00000080
00000010
00010000
00010100
00000080
00000010
00020000
00010100
00000080
00000010
00030000
00010100
00000001
0201D040
0000002C
00000800
00000000
00000000
00000000
80000000
00000000
00000000
02000000
00000081
00000018
0201D044
00000001
00000000
00000000
00000000
0201D21C
000F0002
00000001
0001D020
0000002C
00010000
00000000
00000000
01000000
820007FF
0000000F
00F0FFFF
02000000
00000081
00000018
0001D024
00000000
00800000
00000000
00000000
0001D214
000F0001
00000001
0001D000
0000002C
00000200
00000000
00000000
00000000
80000000
00000000
00000000
02000000
00000081
00000018
0001D004
00000002
00001000
00000000
00000003
0001D200
00000F00
00000F00
00000000
0001D204
80000000
00000001
0201D020
0000002C
00010000
00000000
00000000
01000000
820007FF
0000000F
00F0FFFF
02000000
00000081
00000018
0201D024
00000000
017C0000
00000000
00000000
0201D214
000F0001
00000001
0201D000
0000002C
00000200
00000000
00000000
00000000
80000000
00000000
00000000
02000000
00000081
00000018
0201D004
00000002
00002F80
00000000
00000003
0201D200
00000F00
00000F00
00000000
0201D204
80000000
00000001
0401D020
0000002C
00010000
00000000
00000000
01000000
820007FF
0000000F
00F0FFFF
02000000
00000081
00000018
0401D024
00000000
02780000
00000000
00000000
0401D214
000F0001
00000001
0401D000
0000002C
00000200
00000000
00000000
00000000
80000000
00000000
00000000
02000000
00000081
00000018
0401D004
00000002
00004F00
00000000
00000003
0401D200
00000F00
00000F00
00000000
0401D204
80000000
00000001
0601D020
0000002C
00010000
00000000
00000000
01000000
820007FF
0000000F
00F0FFFF
02000000
00000081
00000018
0601D024
00000000
03740000
00000000
00000000
0601D214
000F0001
00000001
0601D000
0000002C
00000200
00000000
00000000
00000000
80000000
00000000
00000000
02000000
00000081
00000018
0601D004
00000002
00006E80
00000000
00000003
0601D200
00000F00
00000F00
00000000
0601D204
80000000
00000080
00000010
00000000
00010100
00000080
00000010
00010000
00010100
00000080
00000010
00020000
00010100
00000080
00000010
00030000
00010100
