06030001
00000104
00000118
00001A90
00000001
0201D040
0000002C
00000800
00000000
00000000
00000000
80000000
00000000
00000000
02000000
00000081
00000018
0201D044
00000001
00000000
00000000
00000000
0201D21C
000F0002
00000001
0001D020
0000002C
00010000
00000000
00000000
01000000
820007FF
0000000F
00F0FFFF
02000000
00000081
00000018
0001D024
00000000
00000000
00000000
00000000
0001D214
000F0001
00000001
0001D000
0000002C
00000200
00000000
00000000
00000000
80000000
00000000
00000000
02000000
00000081
00000018
0001D004
00000002
00000000
00000000
00000003
0001D200
00000F00
00000F00
00000000
0001D204
80000000
00000001
0201D020
0000002C
00010000
00000000
00000000
01000000
820007FF
0000000F
00F0FFFF
02000000
00000081
00000018
0201D024
00000000
02000000
00000000
00000000
0201D214
000F0001
00000001
0201D000
0000002C
00000200
00000000
00000000
00000000
80000000
00000000
00000000
02000000
00000081
00000018
0201D004
00000002
00004000
00000000
00000003
0201D200
00000F00
00000F00
00000000
0201D204
80000000
00000001
0401D020
0000002C
00010000
00000000
00000000
01000000
820007FF
0000000F
00F0FFFF
02000000
00000081
00000018
0401D024
00000000
04000000
00000000
00000000
0401D214
000F0001
00000001
0401D000
0000002C
00000200
00000000
00000000
00000000
80000000
00000000
00000000
02000000
00000081
00000018
0401D004
00000002
00008000
00000000
00000003
0401D200
00000F00
00000F00
00000000
0401D204
80000000
00000001
0601D020
0000002C
00010000
00000000
00000000
01000000
820007FF
0000000F
00F0FFFF
02000000
00000081
00000018
0601D024
00000000
06000000
00000000
00000000
0601D214
000F0001
00000001
0601D000
0000002C
00000200
00000000
00000000
00000000
80000000
00000000
00000000
02000000
00000081
00000018
0601D004
00000002
0000C000
00000000
00000003
0601D200
00000F00
00000F00
00000000
0601D204
80000000
00000080
00000010
00000000
00010100
00000080
00000010
00010000
00010100
00000080
00000010
00020000
00010100
00000080
00000010
00030000
00010100
00000001
0201D040
0000002C
00000800
00000000
00000000
00000000
80000000
00000000
00000000
02000000
00000081
00000018
0201D044
00000001
00000000
00000000
00000000
0201D21C
000F0002
00000001
0001D020
0000002C
00010000
00000000
00000000
01000000
820007FF
0000000F
00F0FFFF
02000000
00000081
00000018
0001D024
00000000
00400000
00000000
00000000
0001D214
000F0001
00000001
0001D000
0000002C
00000200
00000000
00000000
00000000
80000000
00000000
00000000
02000000
00000081
00000018
0001D004
00000002
00000800
00000000
00000003
0001D200
00000F00
00000F00
00000000
0001D204
80000000
00000001
0201D020
0000002C
00010000
00000000
00000000
01000000
820007FF
0000000F
00F0FFFF
02000000
00000081
00000018
0201D024
00000000
02400000
00000000
00000000
0201D214
000F0001
00000001
0201D000
0000002C
00000200
00000000
00000000
00000000
80000000
00000000
00000000
02000000
00000081
00000018
0201D004
00000002
00004800
00000000
00000003
0201D200
00000F00
00000F00
00000000
0201D204
80000000
00000001
0401D020
0000002C
00010000
00000000
00000000
01000000
820007FF
0000000F
00F0FFFF
02000000
00000081
00000018
0401D024
00000000
04400000
00000000
00000000
0401D214
000F0001
00000001
0401D000
0000002C
00000200
00000000
00000000
00000000
80000000
00000000
00000000
02000000
00000081
00000018
0401D004
00000002
00008800
00000000
00000003
0401D200
00000F00
00000F00
00000000
0401D204
80000000
00000001
0601D020
0000002C
00010000
00000000
00000000
01000000
820007FF
0000000F
00F0FFFF
02000000
00000081
00000018
0601D024
00000000
06400000
00000000
00000000
0601D214
000F0001
00000001
0601D000
0000002C
00000200
00000000
00000000
00000000
80000000
00000000
00000000
02000000
00000081
00000018
0601D004
00000002
0000C800
00000000
00000003
0601D200
00000F00
00000F00
00000000
0601D204
80000000
00000080
00000010
00000000
00010100
00000080
00000010
00010000
00010100
00000080
00000010
00020000
00010100
00000080
00000010
00030000
00010100
00000001
0201D040
0000002C
00000800
00000000
00000000
00000000
80000000
00000000
00000000
02000000
00000081
00000018
0201D044
00000001
00000000
00000000
00000000
0201D21C
000F0002
00000001
0001D020
0000002C
00010000
00000000
00000000
01000000
820007FF
0000000F
00F0FFFF
02000000
00000081
00000018
0001D024
00000000
00800000
00000000
00000000
0001D214
000F0001
00000001
0001D000
0000002C
00000200
00000000
00000000
00000000
80000000
00000000
00000000
02000000
00000081
00000018
0001D004
00000002
00001000
00000000
00000003
0001D200
00000F00
00000F00
00000000
0001D204
80000000
00000001
0201D020
0000002C
00010000
00000000
00000000
01000000
820007FF
0000000F
00F0FFFF
02000000
00000081
00000018
0201D024
00000000
02800000
00000000
00000000
0201D214
000F0001
00000001
0201D000
0000002C
00000200
00000000
00000000
00000000
80000000
00000000
00000000
02000000
00000081
00000018
0201D004
00000002
00005000
00000000
00000003
0201D200
00000F00
00000F00
00000000
0201D204
80000000
00000001
0401D020
0000002C
00010000
00000000
00000000
01000000
820007FF
0000000F
00F0FFFF
02000000
00000081
00000018
0401D024
00000000
04800000
00000000
00000000
0401D214
000F0001
00000001
0401D000
0000002C
00000200
00000000
00000000
00000000
80000000
00000000
00000000
02000000
00000081
00000018
0401D004
00000002
00009000
00000000
00000003
0401D200
00000F00
00000F00
00000000
0401D204
80000000
00000001
0601D020
0000002C
00010000
00000000
00000000
01000000
820007FF
0000000F
00F0FFFF
02000000
00000081
00000018
0601D024
00000000
06800000
00000000
00000000
0601D214
000F0001
00000001
0601D000
0000002C
00000200
00000000
00000000
00000000
80000000
00000000
00000000
02000000
00000081
00000018
0601D004
00000002
0000D000
00000000
00000003
0601D200
00000F00
00000F00
00000000
0601D204
80000000
00000080
00000010
00000000
00010100
00000080
00000010
00010000
00010100
00000080
00000010
00020000
00010100
00000080
00000010
00030000
00010100
00000001
0201D040
0000002C
00000800
00000000
00000000
00000000
80000000
00000000
00000000
02000000
00000081
00000018
0201D044
00000001
00000000
00000000
00000000
0201D21C
000F0002
00000001
0001D020
0000002C
00010000
00000000
00000000
01000000
820007FF
0000000F
00F0FFFF
02000000
00000081
00000018
0001D024
00000000
00C00000
00000000
00000000
0001D214
000F0001
00000001
0001D000
0000002C
00000200
00000000
00000000
00000000
80000000
00000000
00000000
02000000
00000081
00000018
0001D004
00000002
00001800
00000000
00000003
0001D200
00000F00
00000F00
00000000
0001D204
80000000
00000001
0201D020
0000002C
00010000
00000000
00000000
01000000
820007FF
0000000F
00F0FFFF
02000000
00000081
00000018
0201D024
00000000
02C00000
00000000
00000000
0201D214
000F0001
00000001
0201D000
0000002C
00000200
00000000
00000000
00000000
80000000
00000000
00000000
02000000
00000081
00000018
0201D004
00000002
00005800
00000000
00000003
0201D200
00000F00
00000F00
00000000
0201D204
80000000
00000001
0401D020
0000002C
00010000
00000000
00000000
01000000
820007FF
0000000F
00F0FFFF
02000000
00000081
00000018
0401D024
00000000
04C00000
00000000
00000000
0401D214
000F0001
00000001
0401D000
0000002C
00000200
00000000
00000000
00000000
80000000
00000000
00000000
02000000
00000081
00000018
0401D004
00000002
00009800
00000000
00000003
0401D200
00000F00
00000F00
00000000
0401D204
80000000
00000001
0601D020
0000002C
00010000
00000000
00000000
01000000
820007FF
0000000F
00F0FFFF
02000000
00000081
00000018
0601D024
00000000
06C00000
00000000
00000000
0601D214
000F0001
00000001
0601D000
0000002C
00000200
00000000
00000000
00000000
80000000
00000000
00000000
02000000
00000081
00000018
0601D004
00000002
0000D800
00000000
00000003
0601D200
00000F00
00000F00
00000000
0601D204
80000000
00000080
00000010
00000000
00010100
00000080
00000010
00010000
00010100
00000080
00000010
00020000
00010100
00000080
00000010
00030000
00010100
00000001
0201D040
0000002C
00000800
00000000
00000000
00000000
80000000
00000000
00000000
02000000
00000081
00000018
0201D044
00000001
00000000
00000000
00000000
0201D21C
000F0002
00000001
0001D020
0000002C
00010000
00000000
00000000
01000000
820007FF
0000000F
00F0FFFF
02000000
00000081
00000018
0001D024
00000000
01000000
00000000
00000000
0001D214
000F0001
00000001
0001D000
0000002C
00000200
00000000
00000000
00000000
80000000
00000000
00000000
02000000
00000081
00000018
0001D004
00000002
00002000
00000000
00000003
0001D200
00000F00
00000F00
00000000
0001D204
80000000
00000001
0201D020
0000002C
00010000
00000000
00000000
01000000
820007FF
0000000F
00F0FFFF
02000000
00000081
00000018
0201D024
00000000
03000000
00000000
00000000
0201D214
000F0001
00000001
0201D000
0000002C
00000200
00000000
00000000
00000000
80000000
00000000
00000000
02000000
00000081
00000018
0201D004
00000002
00006000
00000000
00000003
0201D200
00000F00
00000F00
00000000
0201D204
80000000
00000001
0401D020
0000002C
00010000
00000000
00000000
01000000
820007FF
0000000F
00F0FFFF
02000000
00000081
00000018
0401D024
00000000
05000000
00000000
00000000
0401D214
000F0001
00000001
0401D000
0000002C
00000200
00000000
00000000
00000000
80000000
00000000
00000000
02000000
00000081
00000018
0401D004
00000002
0000A000
00000000
00000003
0401D200
00000F00
00000F00
00000000
0401D204
80000000
00000001
0601D020
0000002C
00010000
00000000
00000000
01000000
820007FF
0000000F
00F0FFFF
02000000
00000081
00000018
0601D024
00000000
07000000
00000000
00000000
0601D214
000F0001
00000001
0601D000
0000002C
00000200
00000000
00000000
00000000
80000000
00000000
00000000
02000000
00000081
00000018
0601D004
00000002
0000E000
00000000
00000003
0601D200
00000F00
00000F00
00000000
0601D204
80000000
00000080
00000010
00000000
00010100
00000080
00000010
00010000
00010100
00000080
00000010
00020000
00010100
00000080
00000010
00030000
00010100
00000001
0201D040
0000002C
00000800
00000000
00000000
00000000
80000000
00000000
00000000
02000000
00000081
00000018
0201D044
00000001
00000000
00000000
00000000
0201D21C
000F0002
00000001
0001D020
0000002C
00010000
00000000
00000000
01000000
820007FF
0000000F
00F0FFFF
02000000
00000081
00000018
0001D024
00000000
01400000
00000000
00000000
0001D214
000F0001
00000001
0001D000
0000002C
00000200
00000000
00000000
00000000
80000000
00000000
00000000
02000000
00000081
00000018
0001D004
00000002
00002800
00000000
00000003
0001D200
00000F00
00000F00
00000000
0001D204
80000000
00000001
0201D020
0000002C
00010000
00000000
00000000
01000000
820007FF
0000000F
00F0FFFF
02000000
00000081
00000018
0201D024
00000000
03400000
00000000
00000000
0201D214
000F0001
00000001
0201D000
0000002C
00000200
00000000
00000000
00000000
80000000
00000000
00000000
02000000
00000081
00000018
0201D004
00000002
00006800
00000000
00000003
0201D200
00000F00
00000F00
00000000
0201D204
80000000
00000001
0401D020
0000002C
00010000
00000000
00000000
01000000
820007FF
0000000F
00F0FFFF
02000000
00000081
00000018
0401D024
00000000
05400000
00000000
00000000
0401D214
000F0001
00000001
0401D000
0000002C
00000200
00000000
00000000
00000000
80000000
00000000
00000000
02000000
00000081
00000018
0401D004
00000002
0000A800
00000000
00000003
0401D200
00000F00
00000F00
00000000
0401D204
80000000
00000001
0601D020
0000002C
00010000
00000000
00000000
01000000
820007FF
0000000F
00F0FFFF
02000000
00000081
00000018
0601D024
00000000
07400000
00000000
00000000
0601D214
000F0001
00000001
0601D000
0000002C
00000200
00000000
00000000
00000000
80000000
00000000
00000000
02000000
00000081
00000018
0601D004
00000002
0000E800
00000000
00000003
0601D200
00000F00
00000F00
00000000
0601D204
80000000
00000080
00000010
00000000
00010100
00000080
00000010
00010000
00010100
00000080
00000010
00020000
00010100
00000080
00000010
00030000
00010100
00000001
0201D040
0000002C
00000800
00000000
00000000
00000000
80000000
00000000
00000000
02000000
00000081
00000018
0201D044
00000001
00000000
00000000
00000000
0201D21C
000F0002
00000001
0001D020
0000002C
00010000
00000000
00000000
01000000
820007FF
0000000F
00F0FFFF
02000000
00000081
00000018
0001D024
00000000
01800000
00000000
00000000
0001D214
000F0001
00000001
0001D000
0000002C
00000200
00000000
00000000
00000000
80000000
00000000
00000000
02000000
00000081
00000018
0001D004
00000002
00003000
00000000
00000003
0001D200
00000F00
00000F00
00000000
0001D204
80000000
00000001
0201D020
0000002C
00010000
00000000
00000000
01000000
820007FF
0000000F
00F0FFFF
02000000
00000081
00000018
0201D024
00000000
03800000
00000000
00000000
0201D214
000F0001
00000001
0201D000
0000002C
00000200
00000000
00000000
00000000
80000000
00000000
00000000
02000000
00000081
00000018
0201D004
00000002
00007000
00000000
00000003
0201D200
00000F00
00000F00
00000000
0201D204
80000000
00000001
0401D020
0000002C
00010000
00000000
00000000
01000000
820007FF
0000000F
00F0FFFF
02000000
00000081
00000018
0401D024
00000000
05800000
00000000
00000000
0401D214
000F0001
00000001
0401D000
0000002C
00000200
00000000
00000000
00000000
80000000
00000000
00000000
02000000
00000081
00000018
0401D004
00000002
0000B000
00000000
00000003
0401D200
00000F00
00000F00
00000000
0401D204
80000000
00000001
0601D020
0000002C
00010000
00000000
00000000
01000000
820007FF
0000000F
00F0FFFF
02000000
00000081
00000018
0601D024
00000000
07800000
00000000
00000000
0601D214
000F0001
00000001
0601D000
0000002C
00000200
00000000
00000000
00000000
80000000
00000000
00000000
02000000
00000081
00000018
0601D004
00000002
0000F000
00000000
00000003
0601D200
00000F00
00000F00
00000000
0601D204
80000000
00000080
00000010
00000000
00010100
00000080
00000010
00010000
00010100
00000080
00000010
00020000
00010100
00000080
00000010
00030000
00010100
00000001
0201D040
0000002C
00000800
00000000
00000000
00000000
80000000
00000000
00000000
02000000
00000081
00000018
0201D044
00000001
00000000
00000000
00000000
0201D21C
000F0002
00000001
0001D020
0000002C
00010000
00000000
00000000
01000000
820007FF
0000000F
00F0FFFF
02000000
00000081
00000018
0001D024
00000000
01C00000
00000000
00000000
0001D214
000F0001
00000001
0001D000
0000002C
00000200
00000000
00000000
00000000
80000000
00000000
00000000
02000000
00000081
00000018
0001D004
00000002
00003800
00000000
00000003
0001D200
00000F00
00000F00
00000000
0001D204
80000000
00000001
0201D020
0000002C
00010000
00000000
00000000
01000000
820007FF
0000000F
00F0FFFF
02000000
00000081
00000018
0201D024
00000000
03C00000
00000000
00000000
0201D214
000F0001
00000001
0201D000
0000002C
00000200
00000000
00000000
00000000
80000000
00000000
00000000
02000000
00000081
00000018
0201D004
00000002
00007800
00000000
00000003
0201D200
00000F00
00000F00
00000000
0201D204
80000000
00000001
0401D020
0000002C
00010000
00000000
00000000
01000000
820007FF
0000000F
00F0FFFF
02000000
00000081
00000018
0401D024
00000000
05C00000
00000000
00000000
0401D214
000F0001
00000001
0401D000
0000002C
00000200
00000000
00000000
00000000
80000000
00000000
00000000
02000000
00000081
00000018
0401D004
00000002
0000B800
00000000
00000003
0401D200
00000F00
00000F00
00000000
0401D204
80000000
00000001
0601D020
0000002C
00010000
00000000
00000000
01000000
820007FF
0000000F
00F0FFFF
02000000
00000081
00000018
0601D024
00000000
07C00000
00000000
00000000
0601D214
000F0001
00000001
0601D000
0000002C
00000200
00000000
00000000
00000000
80000000
00000000
00000000
02000000
00000081
00000018
0601D004
00000002
0000F800
00000000
00000003
0601D200
00000F00
00000F00
00000000
0601D204
80000000
00000080
00000010
00000000
00010100
00000080
00000010
00010000
00010100
00000080
00000010
00020000
00010100
00000080
00000010
00030000
00010100
