06030001
00000104
00000130
00001D10
00000001
0201D040
0000002C
00000800
00000000
00000000
00000000
80000000
00000000
00000000
02000000
00000081
00000018
0201D044
00000001
00000000
00000000
00000000
0201D21C
00000002
00000001
0001D020
0000002C
00010000
00000000
00000000
01000000
820007FF
0000000F
00000000
02000000
00000081
00000018
0001D024
00000000
00000000
00000000
00000000
0001D214
00000001
00000001
0001D000
0000002C
00000020
00000000
00000000
00000000
80000000
00000000
00000000
02000000
00000081
00000018
0001D004
00000002
00000000
00000000
00000003
0001D200
00000F00
00000F00
00000000
0001D204
80000000
00000001
0201D020
0000002C
00010000
00000000
00000000
01000000
820007FF
0000000F
00000000
02000000
00000081
00000018
0201D024
00000000
00400000
00000000
00000000
0201D214
00000001
00000001
0201D000
0000002C
00000020
00000000
00000000
00000000
80000000
00000000
00000000
02000000
00000081
00000018
0201D004
00000002
00000800
00000000
00000003
0201D200
00000F00
00000F00
00000000
0201D204
80000000
00000080
00000010
00000000
00010100
00000080
00000010
00010000
00010100
00000001
0201D040
0000002C
00000800
00000000
00000000
00000000
80000000
00000000
00000000
02000000
00000081
00000018
0201D044
00000001
00000000
00000000
00000000
0201D21C
00000002
00000001
0001D020
0000002C
00010000
00000000
00000000
01000000
820007FF
0000000F
00000000
02000000
00000081
00000018
0001D024
00000000
00040000
00000000
00000000
0001D214
00000001
00000001
0001D000
0000002C
00000020
00000000
00000000
00000000
80000000
00000000
00000000
02000000
00000081
00000018
0001D004
00000002
00000080
00000000
00000003
0001D200
00000F00
00000F00
00000000
0001D204
80000000
00000001
0201D020
0000002C
00010000
00000000
00000000
01000000
820007FF
0000000F
00000000
02000000
00000081
00000018
0201D024
00000000
00440000
00000000
00000000
0201D214
00000001
00000001
0201D000
0000002C
00000020
00000000
00000000
00000000
80000000
00000000
00000000
02000000
00000081
00000018
0201D004
00000002
00000880
00000000
00000003
0201D200
00000F00
00000F00
00000000
0201D204
80000000
00000080
00000010
00000000
00010100
00000080
00000010
00010000
00010100
00000001
0201D040
0000002C
00000800
00000000
00000000
00000000
80000000
00000000
00000000
02000000
00000081
00000018
0201D044
00000001
00000000
00000000
00000000
0201D21C
00000002
00000001
0001D020
0000002C
00010000
00000000
00000000
01000000
820007FF
0000000F
00000000
02000000
00000081
00000018
0001D024
00000000
00080000
00000000
00000000
0001D214
00000001
00000001
0001D000
0000002C
00000020
00000000
00000000
00000000
80000000
00000000
00000000
02000000
00000081
00000018
0001D004
00000002
00000100
00000000
00000003
0001D200
00000F00
00000F00
00000000
0001D204
80000000
00000001
0201D020
0000002C
00010000
00000000
00000000
01000000
820007FF
0000000F
00000000
02000000
00000081
00000018
0201D024
00000000
00480000
00000000
00000000
0201D214
00000001
00000001
0201D000
0000002C
00000020
00000000
00000000
00000000
80000000
00000000
00000000
02000000
00000081
00000018
0201D004
00000002
00000900
00000000
00000003
0201D200
00000F00
00000F00
00000000
0201D204
80000000
00000080
00000010
00000000
00010100
00000080
00000010
00010000
00010100
00000001
0201D040
0000002C
00000800
00000000
00000000
00000000
80000000
00000000
00000000
02000000
00000081
00000018
0201D044
00000001
00000000
00000000
00000000
0201D21C
00000002
00000001
0001D020
0000002C
00010000
00000000
00000000
01000000
820007FF
0000000F
00000000
02000000
00000081
00000018
0001D024
00000000
000C0000
00000000
00000000
0001D214
00000001
00000001
0001D000
0000002C
00000020
00000000
00000000
00000000
80000000
00000000
00000000
02000000
00000081
00000018
0001D004
00000002
00000180
00000000
00000003
0001D200
00000F00
00000F00
00000000
0001D204
80000000
00000001
0201D020
0000002C
00010000
00000000
00000000
01000000
820007FF
0000000F
00000000
02000000
00000081
00000018
0201D024
00000000
004C0000
00000000
00000000
0201D214
00000001
00000001
0201D000
0000002C
00000020
00000000
00000000
00000000
80000000
00000000
00000000
02000000
00000081
00000018
0201D004
00000002
00000980
00000000
00000003
0201D200
00000F00
00000F00
00000000
0201D204
80000000
00000080
00000010
00000000
00010100
00000080
00000010
00010000
00010100
00000001
0201D040
0000002C
00000800
00000000
00000000
00000000
80000000
00000000
00000000
02000000
00000081
00000018
0201D044
00000001
00000000
00000000
00000000
0201D21C
00000002
00000001
0001D020
0000002C
00010000
00000000
00000000
01000000
820007FF
0000000F
00000000
02000000
00000081
00000018
0001D024
00000000
00100000
00000000
00000000
0001D214
00000001
00000001
0001D000
0000002C
00000020
00000000
00000000
00000000
80000000
00000000
00000000
02000000
00000081
00000018
0001D004
00000002
00000200
00000000
00000003
0001D200
00000F00
00000F00
00000000
0001D204
80000000
00000001
0201D020
0000002C
00010000
00000000
00000000
01000000
820007FF
0000000F
00000000
02000000
00000081
00000018
0201D024
00000000
00500000
00000000
00000000
0201D214
00000001
00000001
0201D000
0000002C
00000020
00000000
00000000
00000000
80000000
00000000
00000000
02000000
00000081
00000018
0201D004
00000002
00000A00
00000000
00000003
0201D200
00000F00
00000F00
00000000
0201D204
80000000
00000080
00000010
00000000
00010100
00000080
00000010
00010000
00010100
00000001
0201D040
0000002C
00000800
00000000
00000000
00000000
80000000
00000000
00000000
02000000
00000081
00000018
0201D044
00000001
00000000
00000000
00000000
0201D21C
00000002
00000001
0001D020
0000002C
00010000
00000000
00000000
01000000
820007FF
0000000F
00000000
02000000
00000081
00000018
0001D024
00000000
00140000
00000000
00000000
0001D214
00000001
00000001
0001D000
0000002C
00000020
00000000
00000000
00000000
80000000
00000000
00000000
02000000
00000081
00000018
0001D004
00000002
00000280
00000000
00000003
0001D200
00000F00
00000F00
00000000
0001D204
80000000
00000001
0201D020
0000002C
00010000
00000000
00000000
01000000
820007FF
0000000F
00000000
02000000
00000081
00000018
0201D024
00000000
00540000
00000000
00000000
0201D214
00000001
00000001
0201D000
0000002C
00000020
00000000
00000000
00000000
80000000
00000000
00000000
02000000
00000081
00000018
0201D004
00000002
00000A80
00000000
00000003
0201D200
00000F00
00000F00
00000000
0201D204
80000000
00000080
00000010
00000000
00010100
00000080
00000010
00010000
00010100
00000001
0201D040
0000002C
00000800
00000000
00000000
00000000
80000000
00000000
00000000
02000000
00000081
00000018
0201D044
00000001
00000000
00000000
00000000
0201D21C
00000002
00000001
0001D020
0000002C
00010000
00000000
00000000
01000000
820007FF
0000000F
00000000
02000000
00000081
00000018
0001D024
00000000
00180000
00000000
00000000
0001D214
00000001
00000001
0001D000
0000002C
00000020
00000000
00000000
00000000
80000000
00000000
00000000
02000000
00000081
00000018
0001D004
00000002
00000300
00000000
00000003
0001D200
00000F00
00000F00
00000000
0001D204
80000000
00000001
0201D020
0000002C
00010000
00000000
00000000
01000000
820007FF
0000000F
00000000
02000000
00000081
00000018
0201D024
00000000
00580000
00000000
00000000
0201D214
00000001
00000001
0201D000
0000002C
00000020
00000000
00000000
00000000
80000000
00000000
00000000
02000000
00000081
00000018
0201D004
00000002
00000B00
00000000
00000003
0201D200
00000F00
00000F00
00000000
0201D204
80000000
00000080
00000010
00000000
00010100
00000080
00000010
00010000
00010100
00000001
0201D040
0000002C
00000800
00000000
00000000
00000000
80000000
00000000
00000000
02000000
00000081
00000018
0201D044
00000001
00000000
00000000
00000000
0201D21C
00000002
00000001
0001D020
0000002C
00010000
00000000
00000000
01000000
820007FF
0000000F
00000000
02000000
00000081
00000018
0001D024
00000000
001C0000
00000000
00000000
0001D214
00000001
00000001
0001D000
0000002C
00000020
00000000
00000000
00000000
80000000
00000000
00000000
02000000
00000081
00000018
0001D004
00000002
00000380
00000000
00000003
0001D200
00000F00
00000F00
00000000
0001D204
80000000
00000001
0201D020
0000002C
00010000
00000000
00000000
01000000
820007FF
0000000F
00000000
02000000
00000081
00000018
0201D024
00000000
005C0000
00000000
00000000
0201D214
00000001
00000001
0201D000
0000002C
00000020
00000000
00000000
00000000
80000000
00000000
00000000
02000000
00000081
00000018
0201D004
00000002
00000B80
00000000
00000003
0201D200
00000F00
00000F00
00000000
0201D204
80000000
00000080
00000010
00000000
00010100
00000080
00000010
00010000
00010100
00000001
0201D040
0000002C
00000800
00000000
00000000
00000000
80000000
00000000
00000000
02000000
00000081
00000018
0201D044
00000001
00000000
00000000
00000000
0201D21C
00000002
00000001
0001D020
0000002C
00010000
00000000
00000000
01000000
820007FF
0000000F
00000000
02000000
00000081
00000018
0001D024
00000000
00200000
00000000
00000000
0001D214
00000001
00000001
0001D000
0000002C
00000020
00000000
00000000
00000000
80000000
00000000
00000000
02000000
00000081
00000018
0001D004
00000002
00000400
00000000
00000003
0001D200
00000F00
00000F00
00000000
0001D204
80000000
00000001
0201D020
0000002C
00010000
00000000
00000000
01000000
820007FF
0000000F
00000000
02000000
00000081
00000018
0201D024
00000000
00600000
00000000
00000000
0201D214
00000001
00000001
0201D000
0000002C
00000020
00000000
00000000
00000000
80000000
00000000
00000000
02000000
00000081
00000018
0201D004
00000002
00000C00
00000000
00000003
0201D200
00000F00
00000F00
00000000
0201D204
80000000
00000080
00000010
00000000
00010100
00000080
00000010
00010000
00010100
00000001
0201D040
0000002C
00000800
00000000
00000000
00000000
80000000
00000000
00000000
02000000
00000081
00000018
0201D044
00000001
00000000
00000000
00000000
0201D21C
00000002
00000001
0001D020
0000002C
00010000
00000000
00000000
01000000
820007FF
0000000F
00000000
02000000
00000081
00000018
0001D024
00000000
00240000
00000000
00000000
0001D214
00000001
00000001
0001D000
0000002C
00000020
00000000
00000000
00000000
80000000
00000000
00000000
02000000
00000081
00000018
0001D004
00000002
00000480
00000000
00000003
0001D200
00000F00
00000F00
00000000
0001D204
80000000
00000001
0201D020
0000002C
00010000
00000000
00000000
01000000
820007FF
0000000F
00000000
02000000
00000081
00000018
0201D024
00000000
00640000
00000000
00000000
0201D214
00000001
00000001
0201D000
0000002C
00000020
00000000
00000000
00000000
80000000
00000000
00000000
02000000
00000081
00000018
0201D004
00000002
00000C80
00000000
00000003
0201D200
00000F00
00000F00
00000000
0201D204
80000000
00000080
00000010
00000000
00010100
00000080
00000010
00010000
00010100
00000001
0201D040
0000002C
00000800
00000000
00000000
00000000
80000000
00000000
00000000
02000000
00000081
00000018
0201D044
00000001
00000000
00000000
00000000
0201D21C
00000002
00000001
0001D020
0000002C
00010000
00000000
00000000
01000000
820007FF
0000000F
00000000
02000000
00000081
00000018
0001D024
00000000
00280000
00000000
00000000
0001D214
00000001
00000001
0001D000
0000002C
00000020
00000000
00000000
00000000
80000000
00000000
00000000
02000000
00000081
00000018
0001D004
00000002
00000500
00000000
00000003
0001D200
00000F00
00000F00
00000000
0001D204
80000000
00000001
0201D020
0000002C
00010000
00000000
00000000
01000000
820007FF
0000000F
00000000
02000000
00000081
00000018
0201D024
00000000
00680000
00000000
00000000
0201D214
00000001
00000001
0201D000
0000002C
00000020
00000000
00000000
00000000
80000000
00000000
00000000
02000000
00000081
00000018
0201D004
00000002
00000D00
00000000
00000003
0201D200
00000F00
00000F00
00000000
0201D204
80000000
00000080
00000010
00000000
00010100
00000080
00000010
00010000
00010100
00000001
0201D040
0000002C
00000800
00000000
00000000
00000000
80000000
00000000
00000000
02000000
00000081
00000018
0201D044
00000001
00000000
00000000
00000000
0201D21C
00000002
00000001
0001D020
0000002C
00010000
00000000
00000000
01000000
820007FF
0000000F
00000000
02000000
00000081
00000018
0001D024
00000000
002C0000
00000000
00000000
0001D214
00000001
00000001
0001D000
0000002C
00000020
00000000
00000000
00000000
80000000
00000000
00000000
02000000
00000081
00000018
0001D004
00000002
00000580
00000000
00000003
0001D200
00000F00
00000F00
00000000
0001D204
80000000
00000001
0201D020
0000002C
00010000
00000000
00000000
01000000
820007FF
0000000F
00000000
02000000
00000081
00000018
0201D024
00000000
006C0000
00000000
00000000
0201D214
00000001
00000001
0201D000
0000002C
00000020
00000000
00000000
00000000
80000000
00000000
00000000
02000000
00000081
00000018
0201D004
00000002
00000D80
00000000
00000003
0201D200
00000F00
00000F00
00000000
0201D204
80000000
00000080
00000010
00000000
00010100
00000080
00000010
00010000
00010100
00000001
0201D040
0000002C
00000800
00000000
00000000
00000000
80000000
00000000
00000000
02000000
00000081
00000018
0201D044
00000001
00000000
00000000
00000000
0201D21C
00000002
00000001
0001D020
0000002C
00010000
00000000
00000000
01000000
820007FF
0000000F
00000000
02000000
00000081
00000018
0001D024
00000000
00300000
00000000
00000000
0001D214
00000001
00000001
0001D000
0000002C
00000020
00000000
00000000
00000000
80000000
00000000
00000000
02000000
00000081
00000018
0001D004
00000002
00000600
00000000
00000003
0001D200
00000F00
00000F00
00000000
0001D204
80000000
00000001
0201D020
0000002C
00010000
00000000
00000000
01000000
820007FF
0000000F
00000000
02000000
00000081
00000018
0201D024
00000000
00700000
00000000
00000000
0201D214
00000001
00000001
0201D000
0000002C
00000020
00000000
00000000
00000000
80000000
00000000
00000000
02000000
00000081
00000018
0201D004
00000002
00000E00
00000000
00000003
0201D200
00000F00
00000F00
00000000
0201D204
80000000
00000080
00000010
00000000
00010100
00000080
00000010
00010000
00010100
00000001
0201D040
0000002C
00000800
00000000
00000000
00000000
80000000
00000000
00000000
02000000
00000081
00000018
0201D044
00000001
00000000
00000000
00000000
0201D21C
00000002
00000001
0001D020
0000002C
00010000
00000000
00000000
01000000
820007FF
0000000F
00000000
02000000
00000081
00000018
0001D024
00000000
00340000
00000000
00000000
0001D214
00000001
00000001
0001D000
0000002C
00000020
00000000
00000000
00000000
80000000
00000000
00000000
02000000
00000081
00000018
0001D004
00000002
00000680
00000000
00000003
0001D200
00000F00
00000F00
00000000
0001D204
80000000
00000001
0201D020
0000002C
00010000
00000000
00000000
01000000
820007FF
0000000F
00000000
02000000
00000081
00000018
0201D024
00000000
00740000
00000000
00000000
0201D214
00000001
00000001
0201D000
0000002C
00000020
00000000
00000000
00000000
80000000
00000000
00000000
02000000
00000081
00000018
0201D004
00000002
00000E80
00000000
00000003
0201D200
00000F00
00000F00
00000000
0201D204
80000000
00000080
00000010
00000000
00010100
00000080
00000010
00010000
00010100
00000001
0201D040
0000002C
00000800
00000000
00000000
00000000
80000000
00000000
00000000
02000000
00000081
00000018
0201D044
00000001
00000000
00000000
00000000
0201D21C
00000002
00000001
0001D020
0000002C
00010000
00000000
00000000
01000000
820007FF
0000000F
00000000
02000000
00000081
00000018
0001D024
00000000
00380000
00000000
00000000
0001D214
00000001
00000001
0001D000
0000002C
00000020
00000000
00000000
00000000
80000000
00000000
00000000
02000000
00000081
00000018
0001D004
00000002
00000700
00000000
00000003
0001D200
00000F00
00000F00
00000000
0001D204
80000000
00000001
0201D020
0000002C
00010000
00000000
00000000
01000000
820007FF
0000000F
00000000
02000000
00000081
00000018
0201D024
00000000
00780000
00000000
00000000
0201D214
00000001
00000001
0201D000
0000002C
00000020
00000000
00000000
00000000
80000000
00000000
00000000
02000000
00000081
00000018
0201D004
00000002
00000F00
00000000
00000003
0201D200
00000F00
00000F00
00000000
0201D204
80000000
00000080
00000010
00000000
00010100
00000080
00000010
00010000
00010100
00000001
0201D040
0000002C
00000800
00000000
00000000
00000000
80000000
00000000
00000000
02000000
00000081
00000018
0201D044
00000001
00000000
00000000
00000000
0201D21C
00000002
00000001
0001D020
0000002C
00010000
00000000
00000000
01000000
820007FF
0000000F
00000000
02000000
00000081
00000018
0001D024
00000000
003C0000
00000000
00000000
0001D214
00000001
00000001
0001D000
0000002C
00000020
00000000
00000000
00000000
80000000
00000000
00000000
02000000
00000081
00000018
0001D004
00000002
00000780
00000000
00000003
0001D200
00000F00
00000F00
00000000
0001D204
80000000
00000001
0201D020
0000002C
00010000
00000000
00000000
01000000
820007FF
0000000F
00000000
02000000
00000081
00000018
0201D024
00000000
007C0000
00000000
00000000
0201D214
00000001
00000001
0201D000
0000002C
00000020
00000000
00000000
00000000
80000000
00000000
00000000
02000000
00000081
00000018
0201D004
00000002
00000F80
00000000
00000003
0201D200
00000F00
00000F00
00000000
0201D204
80000000
00000080
00000010
00000000
00010100
00000080
00000010
00010000
00010100
