06030001
00000102
00000022
00000370
00000001
0001D000
0000002C
00008000
00000000
00000000
02000000
900000FF
0000003F
0010FFFF
02000000
00000081
00000018
0001D004
00000002
00000000
00000000
00000003
0001D200
00000F00
00000F00
00000000
0001D204
80010000
00000001
0001D020
0000002C
00008000
00000000
00000000
02000000
880000FF
0000001F
00000000
02000000
00000081
00000018
0001D024
00000000
00000000
00000000
00000000
0001D214
00030001
00000001
0001D040
0000002C
00004000
00000000
00000000
02000000
840000FF
00003FFF
0030003F
02000000
00000081
00000018
0001D044
00000001
00000000
00000000
00000000
0001D21C
00030002
00000001
0001D060
0000002C
00008000
00000000
00000000
02000000
880000FF
0000001F
00000000
02000000
00000081
00000018
0001D064
00000000
00040000
00000000
00000000
0001D214
00030003
00000001
0001D080
0000002C
00004000
00000000
00000000
02000000
840000FF
00003FFF
0030003F
02000000
00000081
00000018
0001D084
00000001
00000000
00000000
00000000
0001D21C
00030004
00000001
0201D000
0000002C
00008000
00000000
00000000
02000000
900000FF
0000003F
0010FFFF
02000000
00000081
00000018
0201D004
00000002
00000080
00000000
00000003
0201D200
00000F00
00000F00
00000000
0201D204
80010000
00000001
0201D020
0000002C
00008000
00000000
00000000
02000000
880000FF
0000001F
00000000
02000000
00000081
00000018
0201D024
00000000
00020000
00000000
00000000
0201D214
00030001
00000001
0201D040
0000002C
00004000
00000000
00000000
02000000
840000FF
00003FFF
0030003F
02000000
00000081
00000018
0201D044
00000001
00000080
00000000
00000000
0201D21C
00030002
00000001
0201D060
0000002C
00008000
00000000
00000000
02000000
880000FF
0000001F
00000000
02000000
00000081
00000018
0201D064
00000000
00060000
00000000
00000000
0201D214
00030003
00000001
0201D080
0000002C
00004000
00000000
00000000
02000000
840000FF
00003FFF
0030003F
02000000
00000081
00000018
0201D084
00000001
00000080
00000000
00000000
0201D21C
00030004
00000080
00000010
00000000
00010100
00000080
00000010
00010000
00010100
